1) 10.318 95131 116979 48980.4 1087 6215877068 2937239423
2) 3.54969 8078 9957 67680.6 790 4573196418 848223598
3) 7.58037 5219 6710 46793.4 1155 677485625 282109769
4) 346.014 614261 739483 80013.5 1286 475659507 5863234683
5) 1.26125 3724 4625 31305.1 680 1666527673 2747486661
6) 4.30542 73907 80943 52406.3 1255 2310263543 3547492188
7) 42.9164 42133 48076 77025.1 1981 3520641116 5088926474
8) 4.06656 8170 9097 54381 1251 470347805 3505309522
9) 0 34 33 0 0 292169129 4931262021
10) 0.001666 228 294 1977.57 93 277516608 5218388395
11) 84.1179 40757 54728 64266.2 1729 5597082013 1653660965
12) 449.941 336761 434763 42092.1 1099 5927244226 3446522967
13) 6.71461 17107 18731 44886.5 1075 1588735947 293758348
14) 0.426102 9670 11857 28552.4 328 3522236598 1314557725
15) 35.9864 73298 79933 47821.5 1035 2885517652 1820207048
16) 272.843 80230 95107 77872.8 1855 2349782937 3911041555
17) 8.11039 67947 74710 65777.1 1098 340023732 1698149885
18) 136 197414 233202 89819.2 1619 5351842561 1352802063
19) 2344.13 136312 162145 139080 3161 2222324584 680180416
20) 1.06369 4926 6102 53585.1 505 862009983 4012661701
21) 0.919271 2750 3195 88366.7 1628 5172700155 4508377888
22) 40.6588 81297 96891 53735.1 1574 2596383333 3547492084
23) 0.257801 9780 10914 33439.3 446 3330384403 3450633532
24) 14.5263 6554 8372 75507.8 2162 1811375908 3677993479
25) 7.43833 38782 43248 49674.1 1022 3200030013 2349180672
26) 217.98 186791 205751 116001 1885 3765843668 3663746536
27) 0.54045 4534 5233 26659.6 584 5390665343 3489051350
28) 5.64341 68656 81013 96427.2 848 1825977065 701845191
29) 0.06666 1307 1628 35201.3 527 5126457961 663391943
30) 0.369559 28683 33957 52065.5 1295 2452304785 2167078661
31) 20.0094 31045 42967 14276.8 608 3149868661 249811462
32) 7.16447 12719 14738 64864.1 1147 1740657997 3714126889
33) 46.3952 326107 399562 96829.8 2194 2144812564 1219121379
34) 10417.3 495207 558689 118566 3099 313717294 5261848196
35) 1195.51 1478460 1718382 0 0 2357834931 1474915877
36) 6.07127 15964 22967 34790.4 1088 4318258380 1868717991
37) 5005.31 432989 561110 124770 1935 848098063 1732406812
38) 22.1267 24705 27553 72515 1321 825272135 4676815284
39) 125.796 65015 86104 89612.9 1819 411097615 2367871838
40) 97.8091 69193 82566 67369.6 1686 3336844440 3915732583
41) 0.03201 1156 1349 23942.6 549 600117815 1829787545
42) 0.000397 213 232 0 0 2029952157 283031456
43) 25.6497 23559 31647 76133.8 1905 656135710 5262078191
44) 24.4618 168857 207399 83130.3 1792 1783602735 6223118006
45) 24.1317 13043 18112 64613.4 1720 842482958 5064069542
46) 5.2401 99247 106908 82649 1502 2749745547 4515733566
47) 11468.2 937455 1157404 110598 2870 5101324876 5250604887
48) 0.265663 1786 2104 39506.1 567 3294770673 1676114478
49) 78.7989 29567 37162 65615.8 1952 1345737097 3716602271
50) 0.023927 1371 1532 9708.02 323 1750758652 3872943769
51) 19.3815 199171 246524 71213.1 1663 345312175 1245147270
52) 1.16001 4102 5732 32817.7 968 1307592456 1588707188
53) 0.117498 4442 4954 30762.5 687 2405093455 1970643938
54) 23.9394 127005 142953 129606 2064 1241301443 3070465629
55) 41.863 39822 47545 69928 1446 283246971 5101998735
56) 11.0805 26220 31341 42001.1 1164 2310048538 748839760
57) 0.20489 2793 3709 38783.2 565 1109070436 5253006362
58) 13.4183 19155 21024 91998.5 2165 1132448404 1811478336
59) 2.68317 6957 7885 84909.2 1514 5521078510 2464382605
60) 0.100588 2363 2528 26889.7 793 2297533478 360785387
61) 4.25723 17239 19996 48081.1 1459 2364678238 288945015
62) 6568.54 2794408 3569936 36386.8 1156 281782305 2349782347
63) 626.18 219205 245605 83469.6 1757 5632882471 4516584108
64) 0.228695 3108 3448 80500.5 1306 5489029912 1697636443
65) 6.98356 131847 155145 100184 1346 2357835050 1305981872
66) 0.008836 130 135 0 0 257156349 3861073264
67) 21.6639 103154 122092 92161.1 2151 2101210132 1349348158
68) 2.07857 6095 6726 67740 1498 471226474 345017331
69) 25.5819 19267 25215 81169.7 2532 4271928906 1770303221
70) 2.11543 36700 41447 42856.1 912 3683878948 4458490714
71) 14.14 20209 26958 36330 1051 805587060 1734155231
72) 16.8732 190556 230851 82282.6 1723 5840056208 1867595928
73) 98.3986 111466 132497 66814.2 1500 1783626261 1667128597
