1) 12.631 20520 25923 50417 996 5460545387 6189800684
2) 195.939 596580 697376 143720 2241 290615977 1852047058
3) 13.3735 40588 49970 75064.2 1131 773541003 2010300263
4) 362.319 76264 92845 86441.9 1834 5282288507 6234259866
5) 16454.5 1470151 1847638 109310 1700 5066906509 5221906916
6) 1.14527 21865 24577 20819.1 616 1165722017 2349526984
7) 103.598 318936 353129 114411 1994 5009501617 4515733399
8) 0.829092 45834 54718 39007.9 642 559247096 4922107839
9) 1.54235 23074 26462 49184 421 861917569 370300527
10) 5.96814 182565 209924 112353 2009 4737923089 2359317913
11) 0.254245 2245 2533 38697.4 850 4508890720 2195724136
12) 464.318 205365 250504 58771.4 1610 1645610834 280993237
13) 39.6992 37075 44740 76335.9 919 604246769 1827960394
14) 12306.6 792202 958206 101522 1380 1977887095 2992090799
15) 29.8281 19600 24342 85362.7 2010 1828617939 4319344757
16) 0 7 6 0 0 3414278616 1498486704
17) 7.53194 41146 49279 35070 983 5286665275 3706158847
18) 85.0638 85317 101003 101054 1657 2934189558 308276618
19) 0.000944 1 0 0 0 1450967634 2353807236
20) 0.048225 2365 2708 19514.6 319 1145764258 345829273
21) 1.76779 14034 15800 50519.3 885 1886793061 2531200708
22) 0.547424 3737 5427 7203.4 306 2717198213 1835219859
23) 0.143272 7732 8861 23054.9 480 1782583992 3693642914
24) 5.99497 63701 75845 98648.4 1270 860444047 3360232135
25) 5.51025 19774 24503 82846.2 2145 5632368260 633717045
26) 0 1 0 0 0 1670581996 5155384605
27) 0.250943 10482 12213 23341.6 495 3940063828 2616173614
28) 24.5973 48222 61066 41656.5 844 279855791 5161930506
29) 1.60159 11090 16091 6735.23 272 283042152 2036500653
30) 4.84452 81227 88559 88741.8 1746 2990058407 1910215776
31) 1.16253 22109 24108 33998.1 766 1762848987 1559386642
32) 0.373308 13990 15512 36115.8 586 3121254183 1228544531
33) 2452.54 193253 251887 78226.7 1594 357454122 1865282936
34) 0.390658 7213 7792 29943.4 721 1620380683 2295930622
35) 10.1366 9156 10323 134170 2465 5096295110 2922358681
