1) 15.3534 46064 62538 18721.6 873 5908287924 2716902605
2) 0.735833 3028 3737 59431.9 694 268036956 406306790
3) 3.26221 8167 10177 57660.1 1470 5959758906 4167048946
4) 27.2804 61456 78619 31250.4 724 1572701486 2757228296
5) 0.553294 25566 27795 51960.6 1305 2715573653 2316386816
6) 1.66849 31373 34232 51299 843 343808773 1817289344
7) 87.4784 221896 288962 35508.2 1139 4553630281 1610998170
8) 0.28524 5612 6860 33745.4 514 3938060319 287072617
9) 2906.95 208781 267072 106897 1524 2593725978 2254026811
10) 0.563495 2284 2865 76109.6 648 1154768736 6039236275
11) 0.592346 16904 18474 34673.9 661 3291279816 842162135
