1) 14.9948 25648 29550 62943.5 1573 1637539203 1984408431
2) 0.494357 6709 7194 31731 724 2310162363 5262077816
3) 9.69415 42795 54840 32315.2 786 5489605400 248729831
4) 45.7597 95448 122686 54281 1685 5682685147 773354754
5) 0.109391 3966 5201 8056.55 405 3838710464 2066656554
6) 0.337541 5180 6640 23063.8 822 280587760 289099063
7) 6929.28 801074 1021456 79485.7 1659 2297290751 1310781678
8) 53.9652 30538 38954 68174.6 1473 2124820062 5911084607
9) 1032.79 153927 182068 127880 2403 2354648004 2389224157
10) 0.452826 35075 39712 28382.5 707 5262076315 3426912361
11) 18.4613 102104 118928 29150.9 1060 3579123068 3845355755
12) 10.9483 18096 23217 70055.7 1300 3101620595 827685926
13) 194.713 131434 162108 73823.3 1537 672833447 963049349
14) 46.2473 135904 164065 79477 1927 5173407681 495004433
15) 10.7736 13164 16359 66919.2 1492 3441959889 3293276714
16) 56.4226 41109 56163 87728.2 2320 4316428854 306200992
17) 0.002133 397 572 3525.52 145 818596034 1915370070
18) 4200.66 658746 816215 120875 2518 5839561886 343559856
19) 0.042608 785 983 24617.9 692 2468310017 279897697
20) 0.027977 1852 2210 16363.2 411 1474913326 1910215978
21) 0.480917 20896 22525 44572.7 1223 2747763384 1611883201
22) 0.195679 11301 14098 8085.38 406 2631223051 288580861
23) 20.016 78354 100880 18108.6 748 3152837720 6157477001
24) 0.61529 1997 2449 74366.4 1150 6289914701 1578705819
25) 2.78286 5909 7392 62513.1 1047 3330384403 282449907
26) 22.8156 20993 26498 126948 2272 5456376061 1762848567
27) 2.63017 22598 28347 82816.2 2245 5251285570 3482263744
28) 13.3563 26324 33940 22535.1 759 3151042504 283045427
29) 1.21327 60755 72108 61086 914 6135762491 3260372964
30) 20.0577 221849 255567 84235.5 1910 1696112839 4358271033
31) 10.3282 23718 25605 54782.8 1135 1621923313 975349571
32) 0.314513 11189 12168 29248.1 795 4915361525 2144166080
33) 108.626 27259 31798 95093.4 2593 2636585745 4379709938
34) 120.273 215301 242372 90044.6 2019 2395965960 1302030089
35) 2.90962 4592 5777 40541.9 1024 5693180469 5311131860
36) 4.52575 7314 8707 103418 1766 2883570822 2383418235
37) 0.010734 611 772 11285.2 303 702753477 671573236
38) 19.2226 11915 14735 64840 1074 2618520215 5600217033
39) 2.38702 37084 46610 31487.6 690 1662196502 3677259655
40) 7.52777 25404 35245 18919.4 783 841669192 301363318
41) 4.08002 8952 10540 49100.5 1212 5154091338 1294310468
42) 1.03933 5472 6204 37542.9 815 1877445044 4032800250
43) 0.453798 18738 22597 38219.8 455 5218727390 6147151689
44) 0.437444 1788 2235 62087.6 909 5471527237 5157849194
45) 2.68744 65782 81826 50754.6 816 3105384743 1802232328
46) 10.501 14304 16794 96143.6 1522 3282741832 5246191268
47) 0.03906 1274 1498 19872.2 412 2465917698 2289471586
48) 10.6196 18636 21351 96542.6 1380 2203532992 1300727122
49) 0 1 0 0 0 1942600510 443390621
