1) 5.7043 57600 72638 46164.6 915 3998722556 2250699416
2) 1.15416 5611 6534 50744.2 1096 1770326458 3182889058
3) 0.057946 8149 8862 27268.5 346 1697636578 519539068
4) 836.6 813664 1008006 33616 941 4316253529 1586700389
5) 8.22084 125897 157179 57965.2 1253 1929570153 2590247040
6) 67.0937 32960 40486 55965.9 1434 332678455 272600846
7) 2396.02 713491 854193 100472 2289 4304796815 4992617867
8) 131.92 299721 334832 89045.7 1916 5009501625 4014331285
9) 12.3296 23407 25868 52020.1 1301 715852092 2362764685
10) 24.1382 24032 28325 44134.4 1512 3429524450 2309264079
11) 1.53602 4004 4881 85441.1 1004 1697684173 4004630112
12) 4.05579 82881 91057 67971.5 1667 600675715 355716826
13) 48.5376 25215 28160 122167 2457 6141265880 1907339886
14) 3.84556 104569 122177 124389 1175 1281464109 860326630
15) 3.60793 71499 83139 92488.8 599 2339222839 6063615806
16) 124.832 999973 1154867 0 0 1907130329 1286925113
17) 46.3763 40881 55598 49617 1449 2097960083 3685320859
18) 38007.9 1621730 2048084 96432.6 2308 6127087988 3851784555
19) 8.05107 73394 90462 70482.7 1173 5853791410 4097837844
20) 1.13937 4177 4820 78903.4 1329 6061348092 2295821929
21) 0.235195 2845 3710 5379.21 268 2072875398 288913960
22) 18.4013 119847 146227 95839.2 1147 2313055130 861917876
23) 4.51968 112595 140088 40761.7 1022 280943584 1766458252
24) 98.0022 214346 252490 109965 1898 290880938 1770006074
25) 0.001566 65 64 0 0 5888745056 3720331214
26) 0.703264 22467 24595 57462.6 921 4510147079 1949096338
27) 24.5258 100588 112274 56932.3 1290 2122251894 5624442242
28) 1.63054 6797 7674 40404.2 1106 2295975076 2629552408
29) 18.7532 35863 39485 60361.2 1296 2142841837 3622320690
30) 2.33803 11172 13511 40306.4 768 5200912021 5561787713
31) 6.9624 44582 53880 34996.8 893 3443475076 1470029190
32) 101.664 55869 68408 58705.3 909 1651605069 1308935757
33) 0.000925 216 269 4465.1 132 332273380 1573009455
34) 0.083787 3996 5012 5227.12 182 5693916355 280839385
35) 0.111489 2676 3728 8300.43 269 6189995078 289081959
36) 60.5825 24846 30749 111815 2340 2340785725 2620372836
37) 3944.09 206961 263888 122182 1882 1364138948 426761351
38) 26.1356 91546 102691 67680.8 1419 4004715354 1972228060
39) 1.6573 66931 80411 24373.7 705 2629571547 5612148197
40) 8.164 19073 21347 76031.5 1212 3798449024 2380564903
41) 462.05 230947 304211 33259.9 1012 4313571715 3342888861
42) 22.9168 50250 55892 87615.5 1754 5262078025 1786552469
43) 1.30493 34904 41700 50059.7 1143 3768701193 2358189877
44) 0.216077 9644 12333 14594.5 517 282017598 623494540
45) 75.6248 47343 52102 106431 1680 1768311525 5330225679
46) 28.3664 38509 50103 20798.4 975 301522819 448748090
47) 7.65631 23386 25313 43281.2 1032 634311821 2295837991
48) 0.048381 2026 2311 16744.7 226 1783650751 1841827909
49) 2.40227 39466 43362 76455.5 1249 3864658463 2007177115
50) 10.9085 12448 15028 95629.4 2024 2391515800 5107254260
51) 13.8812 18902 22169 115486 2249 2179958425 622420243
52) 0.124432 1827 2090 24498.7 557 2007177290 4698818430
53) 1987.73 802244 1029081 117454 3035 1423388738 1652596219
54) 15.1078 63832 78907 60917.9 810 1224725648 5685513093
55) 0.029496 3241 4273 4432.99 169 1145246381 301751658
56) 11.0962 14778 17738 44460.4 1153 2775843244 384937831
57) 1.3619 51722 61351 47027.4 1372 4955583667 3073594964
58) 269.795 376084 438778 33276.6 1095 2076395504 3609139264
59) 7.71122 85232 96701 55843.9 1264 443669425 2177587089
60) 495.047 157899 204435 50736.9 1589 4693735323 2076982045
61) 0.003396 478 528 5835.51 157 1828617313 259563592
62) 6.59085 17053 22327 26665.7 920 2525400230 3138707602
