1) 0.157371 1189 1618 11799.5 499 3149359038 5181501556
2) 7.16872 79995 103267 21819.8 831 288527338 2254026757
3) 1.34519 24436 27627 41846.5 972 1474942823 1700588843
4) 24.4404 19406 21821 104248 2144 2009135869 1739387650
5) 0.524736 5289 5854 48636.5 568 5503511445 5574215789
6) 0.925696 12457 14048 51161.4 985 3407313279 2067167035
7) 2.53903 4172 4923 36696.3 1120 704808985 3446522986
8) 40.5257 231182 274442 116069 2017 1665844205 1839048275
9) 0.100403 1992 2318 31609.4 677 291622470 360776928
10) 0.092946 1792 2081 34070.8 738 1505688058 2168779797
11) 686.288 211625 275236 120973 2448 3595922124 332285620
12) 0.142827 9766 11235 19285 421 769091108 5167828771
13) 7.59222 10283 12474 63816.6 732 956136512 1851114249
14) 2.32851 33411 36784 31181 542 444364056 3683494687
15) 12106 1197753 1512283 81926.3 2115 1298493862 2272846295
16) 0.001473 1 0 0 0 1449828917 4994879638
17) 0.276648 4376 4905 38674.7 983 1790247604 2067169777
18) 1.31814 40670 43857 46542 845 1706328748 2747180560
19) 397.3 427279 518869 75462.8 1275 5133191616 4986782299
20) 4.46484 45514 50909 50260.7 1150 5230850536 4323274179
21) 0.392082 14429 17141 21469.4 703 4284231240 3516898809
22) 1.81071 6193 7766 35315.5 968 930818422 294780689
23) 4.15377 61706 75324 54191.9 920 1769614023 2265643004
24) 0.008495 642 710 15625.9 347 1998871387 2380571743
25) 65.8952 960375 1103385 0 0 3662233420 4475953244
26) 313.13 94661 117751 91546.9 1786 5869001176 2365889087
27) 82.5695 51187 65185 56880.4 1229 5159869701 476646347
28) 0.63068 9634 12232 13290.9 456 1875155120 288775521
29) 0.271106 3904 4337 23150.3 605 3046577066 2300105604
30) 0.873067 3611 4480 35536.6 537 5195162077 4791965890
31) 78.3627 346534 397619 118564 2039 5666713021 458374548
32) 30.767 97898 132532 28241.3 984 4573360189 1988159200
33) 1955.94 245234 295724 96714.4 2550 3547507918 1407389478
34) 3.79527 36148 44680 48309.3 699 6066023172 2488455144
35) 36929.1 1685850 2137025 105104 2513 332284402 6168881458
36) 2.22297 28923 35330 49843.5 809 2092453310 6032483109
37) 5.99193 36200 41792 88037.1 1802 4512459336 3046577092
38) 0.004248 1123 1394 5576.95 114 715368883 458389522
39) 0.053202 3381 4013 17780 280 1224712612 3720261939
40) 23.9535 78992 87941 70862.6 1546 4307586095 5262078200
41) 2.75517 4493 5257 82599.9 2136 2346551167 3802513455
42) 1198.04 68913 91128 127640 2175 2531230936 2339222662
43) 1.88385 2991 3824 43212.7 731 4803617997 5316464836
44) 0.039121 1231 1408 30059.4 703 3538814526 2723731737
45) 17.1475 173110 201975 87089.1 1509 2371066947 2587061493
46) 2.45378 11528 12769 51597.6 901 1973973067 2747542657
47) 3.86438 48729 53176 42417 1189 4484404192 1814252531
48) 2.51157 11634 13749 54902.8 1145 6076750282 2266066431
49) 1053.35 551887 628021 80677.8 2022 2726948643 349079093
50) 1.0885 39645 42703 55568.6 914 527038995 4427659792
51) 5.60556 10795 13626 62600.9 794 1256076466 2601427598
52) 140.605 117886 158980 49517.8 1550 5262076961 250555899
53) 174.974 63269 81499 85163.1 2034 680057099 290602226
