1) 0.727014 5428 6074 41582.7 871 1699885008 2747486624
2) 0.656801 2363 2948 45206.3 903 2348086520 1744235246
3) 0 4 3 0 0 3149868476 1223712123
4) 1.94074 8584 11180 44745.4 1173 1952571521 2642529102
5) 5.07386 158629 181386 69828.7 1303 1200061927 963237779
6) 0 5 4 0 0 3780884327 4988216640
7) 7.08501 123363 153347 39932.3 1092 1331500691 4715781819
8) 29.4703 17843 21501 75202.3 1384 1139087270 2329173141
9) 0.794316 33511 37989 41573.8 872 1362128864 632561284
10) 0.726867 19567 22725 18871.3 638 2456846266 2357193989
11) 1.6088 46539 51144 47148.5 1024 3537619598 345021189
12) 365.563 281258 321993 50706.6 1219 3546949555 672952953
13) 2.97066 21928 27121 15959.1 680 831025293 4176873658
14) 0.577525 22629 25395 37270.4 778 2605815509 772439659
15) 105.104 67532 83577 75971.7 2192 1910215816 6053044348
16) 0.012239 723 827 11872.9 379 2310325675 3504475588
17) 243.687 31200 41677 95427.6 1266 2593726024 5963874275
18) 22.2364 32264 43169 39144 1204 6054529063 1734219944
19) 845.261 569991 680755 87986.4 1526 773540896 2354477674
20) 4282.92 1795672 2256436 51622.9 1260 5172034905 2373363143
21) 31.0792 18440 22402 80081 1667 4698853026 2736156060
22) 8.00061 14900 17118 56742 1425 2333623806 288209412
23) 0.144005 12184 13251 22554.1 691 2516184913 3569970358
24) 3332.78 778274 1006649 137070 3116 2451926980 5330225169
25) 10.2268 28396 31844 49643 1050 5873642579 842141223
26) 14.7398 95392 105817 85032 1492 2531163224 4306205476
27) 3.3246 67078 77319 52936.8 1182 1974036098 1199157290
28) 5.35707 9743 11652 53461.7 1063 5483572737 2670438349
29) 1530.43 82893 114552 112920 1699 5825112108 2900650881
30) 6.28254 16488 18269 63175.3 1054 5173406848 2263158416
31) 131.534 43980 59478 87470.3 1746 2643088834 1829707299
32) 0.274974 16540 18023 29143.2 658 527039817 1474913305
33) 69.4658 61757 70648 51347.9 1063 2168690530 367999029
34) 39.1481 71603 78316 80739.6 1646 2605831162 4196839386
35) 1.20141 12621 14243 44428 504 3875370557 2616687972
36) 0.485078 6891 8963 6456.59 329 1973738806 2579739916
37) 10.6179 167454 190055 76631.9 1291 529971180 5218715091
38) 0.105053 3066 3664 49116.7 436 3829224992 4490684697
39) 7.25446 17121 21023 45355.9 970 3681869189 1366417300
40) 186.225 303261 340084 92371.5 2034 3662233407 3338556578
41) 14.3217 90380 108658 73342.1 1176 2596400719 1291728054
42) 16.0812 57131 68188 44710.1 1118 1988037521 5709258494
43) 30.8433 33308 36712 55348.8 1227 2625617467 2177647829
44) 0.002406 792 846 7951.45 172 3336793679 3336759593
45) 144.468 88167 116976 43041.2 1441 288249643 2379513967
46) 0.18134 16166 17884 19974.2 524 410939793 4090491334
47) 5.2235 63126 78468 40107.9 1001 6177281527 1866346665
48) 100.05 24796 31346 97839.6 2366 553650722 2747200471
49) 2.35373 12860 14239 46452.7 833 2820283959 3543844326
50) 890.874 128876 146116 103398 2016 1770386188 1740680427
51) 4.9399 53510 70021 26275.6 991 1303687883 3832527148
52) 1.16192 9558 10870 49026 768 5024069611 2329317099
53) 103.029 224294 287956 52822.7 1730 3971477128 2620205648
54) 9.61436 17163 22040 54066.1 1313 1643637331 2063226259
55) 0.30296 9803 11305 32841.1 586 5615760769 390365628
56) 0.776434 30920 33562 36946.7 917 306202751 2295821999
57) 0.000566 152 169 4304.6 91 2195678762 2242642871
58) 8.27815 12904 16009 41827.5 1410 1998871424 656085778
59) 0.211588 8873 12087 8726.68 404 5429349685 288466582
60) 0 73 74 0 0 4427659688 344422092
61) 1.4241 3150 4350 18818.7 779 3677210558 280507548
62) 0.077422 1152 1517 13482.2 452 5959759356 4723226208
63) 7.048 44929 58325 16628.8 428 1932259290 345758201
64) 82.2019 288692 340505 104460 2099 1972291470 428344580
65) 0.393514 15018 18297 64411.9 385 4232348293 3808819239
66) 93.7565 38455 49772 92226.1 2165 2021304443 448911040
67) 43.2573 22970 26278 114427 1937 2670438564 1968407928
68) 2.08317 40468 48099 65682.7 811 3950737581 1700312465
69) 6.3578 5015 6569 38436.1 1201 344423576 614028551
70) 0.054967 917 1147 20216.3 505 3786547271 649294360
71) 740.713 471048 524481 147504 2398 1352802037 4326500250
72) 0.481385 7499 8178 33296.2 760 3046529533 4699821197
73) 16.4861 18053 22135 85446.4 1999 1868718036 670072016
74) 0.835924 4101 4590 73708.4 1671 5941191574 1606607354
75) 0.08638 5524 6075 17541.3 345 1783631410 5249397563
76) 1617.66 1217814 1467267 127076 2067 2331586394 697547130
77) 8.91362 7676 9174 55590.7 1331 5380756326 2162478436
78) 11.7677 90894 104978 65779.6 1240 6080779118 2057577829
79) 3.26948 17090 18455 34079.3 739 2488271896 1873118764
80) 2.69345 11426 14166 74259.3 1400 2452304730 2039995179
81) 15615.6 824788 1076519 85234 2324 1271835777 311290002
82) 0.771805 3936 4788 59155.1 582 3493417080 4394582474
83) 8.57518 34390 41848 31318.4 930 2195969779 1969987904
84) 0.001797 562 653 4849.23 151 317992006 3546949509
85) 1.48819 32238 35811 41461 1041 2492635557 5573012350
86) 0 4 3 0 0 4675167371 5262078082
87) 1.19452 5823 7719 23066.8 908 3637146304 2630411687
88) 1.93816 4383 5556 60791.5 751 3772938191 288786178
89) 0.042555 1961 2319 12744.1 299 5066906442 4586616944
90) 4.07024 9041 10222 53235.9 996 2168772550 831025676
91) 817.715 297188 375835 107055 2266 3654458624 5630108004
92) 1.97938 5739 6550 75384.6 1436 1781855797 3903222567
93) 264.918 593363 684880 122530 2131 2367069438 2158786875
94) 13.2778 158586 189399 66162.9 1606 634280446 773401272
95) 688.416 376188 490112 82140.4 1444 4561880579 4515506794
96) 5.43508 84158 99914 107135 1228 2754295715 697078478
97) 10.5542 121685 146780 89715.4 1515 5157849200 1430889935
98) 0.609027 17240 20792 23897.6 862 5688416412 2187226151
99) 148.592 108083 121562 81606.3 1642 4326500501 653325495
100) 46.9185 109680 133088 45557.9 967 495737018 2097959807
101) 1.40619 7539 9603 19234.9 622 308732556 313890580
102) 0.021467 1061 1214 16350.2 493 2263128058 4141682670
103) 0.002432 424 516 9145.21 162 3165901451 739890153
104) 0.16462 8144 9223 25632.3 587 5633344580 2297313227
105) 3.24408 31674 39585 28191.2 705 6018375554 2379419047
106) 0.004173 881 1064 12881.6 85 4383861859 4481556139
107) 77.7166 983433 1128130 0 0 2727055883 1474532248
108) 6.10984 42592 49924 72396.3 1595 2391413350 333053748
109) 4.80659 67879 78551 93187.2 1156 4734842105 3428588066
110) 6.36064 6803 7770 61194.9 1346 1437601890 3138722495
111) 12.4157 7199 9279 75985.9 1795 2809652655 5905795941
112) 0.464671 14659 20653 6845.51 283 5537842454 2788341037
113) 1095.34 126071 151227 119776 2776 1800760655 5101998751
114) 0.212238 1891 2353 46424.2 530 817639319 1426035906
115) 0.127203 6292 6784 24061.4 723 6179200524 2092606913
116) 81.5251 42412 54453 54772.2 1707 3507668104 290846704
117) 2.40475 55415 61425 67567.2 1078 2355307777 528022112
118) 0.086065 1242 1490 21794.4 525 5685513056 1588766560
119) 137.365 41322 49996 109623 2519 2077486704 6244881872
120) 9.25124 10540 12142 114193 1737 5171969717 2502425905
121) 0.864845 8228 9009 35860.6 790 2371067570 3340711607
122) 8.55813 67745 75700 66535.4 1378 1765500450 334648078
123) 16.4429 170759 214076 47662 1287 281899374 4807428098
124) 1.4774 5159 5892 70504.1 681 1697635990 5065071994
125) 35.6269 153395 183914 114852 1533 3081630991 3524181585
126) 27.9274 28388 34357 71590.8 1293 3014019161 1165721772
127) 1096.76 143809 170735 105214 1525 3138707541 2476334392
128) 1.98892 24169 26181 28555 607 5600214520 5875954866
129) 761.272 228173 296197 83104.7 2081 2377939378 365088395
130) 774.17 112971 135504 93043.2 1853 1026386015 2361262326
131) 71.4889 74818 83500 80784.4 1324 2409830114 6215876963
132) 84.0072 960717 1104792 0 0 3667368334 255746860
133) 1.70362 22450 27639 15810.3 561 472324177 4307783713
134) 1.91825 10466 11643 38592.3 844 2010319140 3582168581
135) 8.35366 45845 55428 67564.9 1459 4291001288 1642399441
136) 330.908 241816 268168 77051.1 1397 1203248207 1991982224
137) 160.845 251061 290029 132400 2526 290616027 3450702703
138) 251.752 345886 447404 79517.5 1741 3090851711 327169193
139) 1425.44 1317096 1578961 0 0 2329317173 5437368378
140) 23.4713 258409 321943 50908.7 1623 302559921 382982526
141) 634.859 163528 208292 86551.7 2015 2707675681 3465995676
142) 612.481 78492 97957 79274.8 2020 2122262271 996201158
143) 1.49352 9539 11136 55673.1 1314 1768831026 1839048065
144) 5.17759 61200 80040 22753.4 736 1672692871 4805377774
145) 9.77856 8415 9875 127714 2244 2751687299 3065671795
146) 3.3221 105653 119769 105702 1729 2277244576 370300565
147) 1508.23 157949 180602 83156.6 2022 3000723544 1696865453
148) 0.891255 2139 2911 42290.6 806 1423382509 5154164186
149) 20.8492 9074 10921 64303.4 1708 289114410 3336762667
150) 7.15232 13040 16219 30478.7 1019 3547492031 5766143796
151) 80.1327 26672 32782 67336.8 1300 289520236 5186412221
152) 0.086767 2504 2824 17385.8 343 2332822380 404669079
153) 5091.19 278693 343575 76561.3 1968 3522195366 406566725
154) 549.787 137311 174637 56198.9 1638 1744235320 661516633
155) 9.7727 9697 10760 99419.9 1822 6254329421 1868718367
156) 106.819 89896 100033 98805.9 1560 1932833181 2670439188
157) 836.853 435156 532873 73851.2 1615 706790019 5839561176
158) 2.37839 73009 87519 30645.7 883 5282288501 3096406800
159) 239.468 397231 457287 144460 2892 1706399753 1762848580
160) 18.1627 18132 23107 48279.4 618 2160167669 270338601
161) 611.082 179373 235912 36933.8 1270 5613995191 288341831
162) 40.2734 239211 280174 113496 1858 426800082 3504464001
163) 14.9277 74575 88079 50552.8 1217 1783601466 2321392872
164) 7064.39 188549 240344 124321 1920 3463124774 2402918291
