1) 35.5411 30546 39636 68835.2 1488 2352380247 5868483699
2) 118.853 120958 153348 26428.5 808 805389166 3076354152
3) 224.979 341898 442542 42223.1 1048 282203058 1642456677
4) 0.104651 2434 3591 2095.53 135 930817908 250288067
5) 11.3673 16411 20218 73622.3 1269 486023624 3079800696
6) 4.05687 94874 117708 38214.3 992 4055849103 1750811776
7) 6.27366 127950 149680 108808 1504 1965600978 5497598837
8) 0.032426 1090 1275 17286.5 415 1095137473 2792171442
9) 0.332608 2036 3039 9501.93 351 1825599559 2095052975
10) 119.84 61676 74663 104481 2034 4462959586 2362764700
11) 1.05958 5422 6389 63210.4 1207 6122191995 661390608
12) 4.62708 50284 59146 55159.1 1364 1143702910 6124243971
13) 1.92726 4305 5355 78179.7 726 5560277772 5167933680
14) 1.38325 10199 11923 47504 725 2591288116 282466808
15) 26.6042 135833 170315 50783.7 1341 2377709613 2087528458
16) 3.75722 6712 7862 116938 1020 1697684299 620824006
17) 0.114003 8485 9905 27270.8 376 2411440367 2923948346
18) 11.8841 174480 190105 98576.4 1753 4185928829 3609317017
19) 0.026234 1754 2112 6003.89 215 247689644 315879645
20) 55.0539 82227 91703 66922.2 1261 3660852932 519524627
21) 5.41154 10323 11637 54285.6 1297 3623093448 2659167836
22) 9.37854 64057 80972 33459.9 1152 2106100721 313862452
23) 0.00451 365 458 22800.4 158 3078621135 3129784158
24) 67.809 263597 303117 87878.1 1677 3426912649 370300529
25) 11.8608 9488 12201 50980.1 1415 289110220 2747763361
26) 5.83565 12162 14550 106372 1091 2845430680 773540661
27) 13227.1 1471356 1803690 0 0 5159867672 5613166601
28) 0 62 75 5996.1 59 662440338 4361752615
29) 13.3617 25667 29452 77950.9 1282 4429083564 4807512647
30) 18.6155 253914 315975 48778.8 1364 5773856143 2126507440
31) 0.018796 1125 1293 6053.19 188 1970639599 1378922982
32) 3.50338 62998 68395 65085.9 1142 3776196855 5448980776
33) 1597.47 1650620 2119144 68513 1896 4841871676 2203532006
34) 7671.62 563492 707126 95192.3 1283 2788168807 4917664474
35) 8.76514 20092 23096 54964.4 1331 2485790832 2018429570
36) 3137.73 1164378 1494835 64678.6 1750 369938321 1828800213
37) 0.159783 9643 11063 31379.2 508 446891210 3474583930
38) 303.095 188022 221105 127746 1140 2027598298 5161853212
39) 0.003577 386 468 12989.6 250 1666527399 1171022620
40) 0.976155 22119 28195 18561.4 816 5858826776 2292377304
41) 88.9217 400271 483666 126120 2670 5515053136 2587040102
42) 0.057927 1411 1549 45216.1 424 4344253918 4353094363
43) 3.84112 6988 8231 95961.3 1748 2266066457 5515053010
44) 418.096 178005 203258 75378.3 1837 3663746351 1949442239
45) 82.5972 1011004 1167595 0 0 5236320380 4343362145
46) 18.257 28810 31885 64248.9 1686 5875326598 1637539129
47) 135.201 200798 264336 74189.1 1319 6297789431 3465995673
48) 2.56185 12715 15317 23596.8 881 804196443 6032237518
49) 8.35284 9124 10908 59624.3 1540 1565300899 5262077080
50) 26.8152 317935 384163 92277.5 1447 5715145604 5506258842
51) 0.646135 21683 25124 58619.3 463 1707687298 802398021
52) 765.902 254958 330687 28824.2 839 1581062431 2596408571
53) 2.1831 3327 4042 100800 1472 4826858376 4586616940
54) 4.1803 7552 9191 57470.9 1390 2007177188 441126738
55) 0 1 0 0 0 29557193 1844626970
56) 4.03002 21020 24745 39088.1 1216 3780920854 301549761
57) 1.60928 25574 32099 29343.3 795 282727873 2313199888
58) 1.28087 39111 44571 31921.5 802 4805816157 2349526801
59) 417.319 138836 157487 68450.2 1326 2516184935 3439772755
60) 0.137688 3694 4333 29739.4 718 265938418 2015289363
61) 71.2912 18187 21952 146644 2544 2067166540 426761246
62) 23.4189 59703 72242 45457.4 1390 3548274958 2630411732
63) 0.184958 9278 10317 29695.3 492 4307543327 4994778077
64) 7.12099 47352 56691 40884.3 1235 3504464087 266993070
65) 0.705737 2531 2975 76002.9 1160 5173334628 2955780735
66) 0.051204 3716 4376 21191.3 690 5615412490 761906531
67) 0.029267 798 948 30310.5 509 4339493781 1767400263
68) 15.2713 72738 94106 23728.5 743 5083826151 4019320637
69) 0.348107 10026 12123 9612.77 353 517600506 1509522184
