1) 34.5231 260734 322505 57316.3 1475 5195891244 1783645639
2) 91.6539 43389 51135 86186.4 1944 2161797035 2310298374
3) 846.952 130094 182209 96917.9 2795 6234643200 1124627811
4) 11.2362 195367 240745 64195.2 1456 4348963216 339603503
5) 0.553473 6179 7367 74612.1 639 5257711737 5664088603
6) 2.12116 42597 51667 33970.9 843 4046022187 4792250685
7) 0.117201 3646 4012 27869.6 628 3667397182 2067167571
8) 1905.91 537682 642532 99178.6 1894 3123263255 3994054720
9) 1.57731 2457 3191 44366.8 1181 288446629 471843929
10) 12.9886 27777 35048 92502.2 2388 5859266573 603505725
11) 343.92 86101 99201 121230 2429 5022278342 6093133583
12) 1.18956 3721 4320 68699.7 1660 286426670 2054765797
13) 2.80507 73274 84737 53775 1226 1708943703 1828300689
14) 1.96809 5513 6902 45406.2 1052 996944992 2330664949
15) 1165.44 209257 272277 63345.6 1185 2624452855 2338615621
16) 4.66497 6972 8522 47788.2 894 661390500 2687380022
17) 10.6927 107610 127838 85924 1185 4675220743 3903748817
18) 12.6746 199263 248324 48721.2 1195 288462260 5840094684
19) 7.98697 20814 26753 21243.8 759 302808756 4668396849
20) 3.18061 19493 26872 14274.7 625 768900068 5770914096
21) 26.5885 62467 69271 74768.5 1342 5239645020 5390600089
22) 0.022228 856 1076 3601.02 190 5466445095 2673356019
23) 0.220357 2229 2612 54161.3 924 2269455550 2493769139
24) 1.7796 20530 24102 68156.1 1349 2148826118 2362765975
25) 0.004162 834 916 6469.81 234 4372052539 2498606578
26) 102.553 198145 241570 137884 1902 4353094670 3100313540
27) 38.9527 173112 200478 68428.2 1404 2362821139 5840095208
28) 0.714968 5539 7191 12865.7 448 833677906 5708606222
29) 0.06014 1557 1717 36395.5 570 1697654069 1867596284
30) 114.677 42098 50694 81914.6 1912 2629594167 6133528599
31) 1.19698 3039 3958 65422.5 1013 6133619844 5013705722
32) 0.351449 2634 3034 62367 1689 2613111219 5693420637
33) 1480.78 685865 846502 63392.7 1610 2667760795 2846904844
34) 35.96 60256 75894 21519.8 773 280935581 3112876027
35) 2304.9 407774 511421 82409.2 1202 2587592093 957949978
36) 22.6055 157170 189078 129565 2595 3720554162 2064439369
37) 83.4844 58725 73748 39534.4 1272 1338964912 4165115048
38) 11466.7 1049501 1365771 73631.1 2094 541041676 3627651578
39) 20.7075 126544 162517 59134.7 1224 2022784594 3706671352
40) 0 392 411 5640.25 117 1770533362 1781392953
41) 133.556 100989 113658 76219.3 1967 1325188763 1384437752
42) 55.005 49520 60455 89738 1528 5734408274 3879564051
43) 8.02176 125471 142034 109912 1702 876273933 1563545915
44) 1.83226 53051 57234 70740.8 1238 4526203291 3050128398
45) 19.8353 60544 72435 89168.9 856 4218816515 1850538531
46) 25.23 88558 110388 46757.3 1058 2872946697 5200912134
47) 462.133 177470 251935 60303.6 1290 1137487439 632539134
48) 5.778 21988 25350 60924 1422 4608239314 5320824777
49) 42.7196 24523 32731 43906.2 913 5173167232 4843027761
50) 0.46291 16009 19413 49325.7 315 2402918294 2012172558
51) 1110.72 239090 306552 96449.8 2604 677321689 1844289067
52) 0.043741 3154 4290 3654.31 193 5964038170 1918636042
53) 156.695 63234 75014 98790.2 1729 1414866398 1332434395
54) 3.30817 5493 7293 40799.1 1029 1164108833 3361700856
55) 2.7359 7761 8520 84483.8 1442 5602981099 2461007226
56) 2.87568 8521 10375 58695.6 648 6038935618 648466482
57) 0.000601 1 0 0 0 4215306913 290193004
58) 8.08249 24261 32175 12735 433 35258564 313975851
59) 0.060287 1176 1362 28713.5 530 2159508726 4545120997
60) 3.10779 10582 12784 30736.3 1107 3579077777 995887558
61) 16.0699 22525 24550 86736 2015 1699994733 1621924230
62) 0.322818 16437 18781 43632.8 668 308725086 2338375385
63) 0.027564 832 1412 2454.96 112 2592836731 255560066
64) 0.220412 17991 20037 24784.3 556 1938042036 2607878530
65) 0.070239 1609 2105 7341.85 399 4935714068 283029199
66) 22642 3581476 4329722 98673.6 2264 382036339 560553163
67) 3.89928 81652 88883 90554.2 1714 2485790800 1143005918
68) 3.88225 91068 98718 80924 1608 3334876167 4305037162
69) 146.968 106932 132578 71241.6 1022 2057690763 4969330242
70) 1.11417 45521 50288 38483.6 892 1998871367 2310327552
71) 0.003501 259 324 5352.24 167 2355307189 2379571138
72) 27.7057 143489 171442 46089.5 865 4291001194 1949442427
73) 45.5941 42466 50197 66988.8 1372 2624652989 4305037162
74) 28.4831 126996 145760 50894.6 1373 2195928323 6189995094
