1) 0.431866 23779 26026 38536.4 526 2168779817 3327547789
2) 1.90356 11424 12858 74918.4 1168 1240084440 6227152890
3) 0 1 0 0 0 5900798644 2311965605
4) 8.35546 78608 96890 51783.8 1019 6055413878 309421836
5) 12003.7 4132127 4698577 112166 1912 1225573088 652439673
6) 3.07172 48748 58180 40011.6 1211 5520038777 1477541625
7) 0.963347 18721 23262 28693.1 659 6183843439 4268642749
8) 0.075222 2370 2769 26003.7 562 2485790418 1841240287
9) 2.33939 19340 24348 58022.6 1230 4936655416 1653622958
10) 254.036 306775 387013 80822.8 1512 2625617472 4602666675
11) 445.772 124888 155912 95985.3 1464 282668703 1828025300
12) 2.61903 5353 6662 71168.1 1202 1419903351 246985276
13) 6.31015 80067 97945 46827 1343 1217300661 3176820145
14) 10.1663 125300 147774 68938.9 1514 2589607093 283918529
15) 1.83175 47307 51971 43827.5 972 3167185112 1375768736
16) 0.078329 4361 5205 14242 437 2084794814 313885987
17) 849.372 203528 237859 77604.3 1959 257178800 4350645393
18) 0.193654 8946 10263 55502.1 349 309600674 426761342
19) 0.373991 3078 3821 55627.8 711 1498486693 283128775
20) 51.131 20010 24928 60309.7 1701 748883618 2885517645
21) 0.322286 3742 4112 93012.7 1028 1763498628 1280126819
22) 72.6225 338550 411425 110335 2136 6092861840 1739415263
23) 16.4538 49604 58367 90632.7 928 448229430 2357679531
24) 5.17551 6126 7428 134117 1335 4515006458 5768636465
25) 59.1456 93498 125969 26312.4 961 5484458662 2351663451
26) 3.00979 24586 29031 67442.9 957 5257709332 5705877637
27) 0.558164 7313 8975 23294.8 571 4894902150 1610998135
28) 35.6755 189031 210549 94986 1917 343808874 839178234
29) 6.7369 89170 101541 57008.3 1362 5257711339 4307783720
30) 11.2963 6924 8114 117720 2631 1837349420 3441959786
31) 2441.9 428962 513776 103920 2132 6172791775 5499965937
32) 9.2174 7871 10098 84872.2 1552 3869738188 622420156
33) 9510.68 727312 933377 80972.8 2236 3622322704 5603043716
34) 7.24437 99880 129659 26683.9 970 1423311061 313771148
35) 0.006617 105 106 0 0 5868482841 2587218737
36) 10.6967 7130 8355 85301.8 1637 4518814233 2010818557
37) 14.9635 105476 135446 48229.1 1323 5284526367 4350696401
38) 1.95351 83344 97535 72701.2 1766 5102093961 21541650
39) 7.96286 11303 12815 67578.4 1246 1635377033 3350311428
40) 0.760465 6315 8668 40236.3 832 5773895367 839178244
41) 66.9975 962960 1106369 0 0 601111584 6047160527
