7
1 43 107
928004794 45 1416 179 2260 2036 960 2034 2123 3037 2963 854 454 813 472 961 1237 1426 1427 168 76 44 1428 421 475 878 86 1429 751 2811 2534 505 2867 1047 2491 2345 2346 1015 1013 1014 279 2755 1709
19 21 22 23 25 26 27 28 30 31 33 34 35 35 36 37 37 38 39 39 40 41 42 42 42 43 44 45 45 46 48 49 50 51 52 52 53 55 56 57 58 59 60
284 286 287 288 290 291 292 293 295 296 298 299 300 300 301 302 302 303 304 304 305 306 307 307 307 308 309 310 310 311 313 314 315 316 317 318 319 321 322 323 324 325 326
304 306 307 308 310 311 312 313 315 316 318 319 320 320 321 322 322 323 324 324 325 326 327 327 327 328 329 330 330 331 333 334 335 336 337 338 339 341 342 343 344 345 346
324 326 327 328 330 331 332 333 335 336 338 339 340 340 341 342 342 343 344 344 345 346 347 347 347 348 349 350 350 351 353 354 355 356 357 358 359 361 362 363 364 365 366
344 346 347 348 350 351 352 353 355 356 358 359 360 360 361 362 362 363 364 364 365 366 367 367 367 368 369 370 370 371 373 374 376 377 378 379 380 382 383 384 385 386 387
359 361 362 363 365 366 367 368 370 371 373 374 375 375 376 377 377 378 379 379 380 381 382 382 382 383 384 385 385 386 388 389 391 392 393 394 395 397 398 399 400 401 402
374 376 377 378 380 381 382 383 385 386 388 389 390 390 391 392 392 393 394 395 396 396 398 398 399 400 401 402 402 403 405 406 408 409 410 411 412 414 415 416 417 418 419
387 389 390 391 393 394 395 396 398 399 401 402 403 403 404 405 405 406 407 408 409 409 411 411 412 413 414 415 415 416 418 419 421 422 423 424 425 427 428 429 431 433 434
397 401 402 403 405 406 407 408 410 411 413 414 415 415 416 417 417 418 419 420 421 421 423 423 424 426 427 428 429 429 432 434 436 437 438 439 440 442 443 444 446 448 449
407 411 412 413 415 416 417 418 420 422 424 425 427 427 428 429 429 430 432 433 434 434 436 436 437 439 440 441 442 442 445 447 449 450 451 452 453 455 456 457 459 461 462
415 419 420 421 423 425 426 428 430 432 434 435 437 437 438 439 439 440 442 443 444 444 446 446 447 449 450 451 452 452 455 457 459 460 461 462 463 465 466 467 469 471 472
423 427 428 429 431 433 434 436 438 440 442 443 445 445 446 447 447 448 450 451 452 452 454 454 455 457 458 459 460 460 463 465 467 468 469 470 471 473 474 475 477 479 480
431 435 436 437 439 441 442 444 446 448 450 451 453 453 454 455 455 456 458 459 460 460 462 462 463 465 466 467 468 468 471 473 475 476 477 478 479 481 482 483 485 487 488
439 443 444 445 447 449 450 452 454 456 458 459 461 461 462 463 463 464 466 467 468 468 470 470 471 473 474 475 476 476 479 481 484 485 487 488 489 492 493 494 496 498 499
447 451 452 453 455 457 459 461 463 465 467 468 470 470 471 472 472 473 475 476 477 477 479 479 480 482 483 486 487 488 491 492 495 496 498 499 500 503 504 505 507 509 510
455 459 460 461 463 465 467 469 471 473 475 476 478 478 479 480 480 481 483 484 485 485 487 487 488 490 491 494 495 496 499 500 503 504 506 507 508 511 512 513 515 517 518
463 467 468 469 471 473 475 477 479 481 483 484 485 485 486 488 488 489 491 492 493 493 495 495 496 498 499 502 503 504 507 508 511 512 514 515 516 519 520 521 523 525 526
471 475 476 477 479 481 483 485 488 490 493 494 495 495 496 498 498 499 501 502 503 503 505 505 506 508 509 512 513 514 517 518 521 522 524 525 526 529 530 531 533 535 536
479 484 484 486 488 490 492 494 497 499 502 503 504 504 505 507 507 508 510 511 512 512 514 514 515 517 518 521 522 523 526 527 530 531 533 534 535 538 539 540 541 543 544
487 492 492 494 496 498 500 502 505 507 510 511 512 512 513 515 515 516 518 519 520 520 522 522 523 525 526 529 530 531 534 535 538 539 541 542 543 546 547 548 549 551 552
497 502 502 504 506 508 510 512 515 517 520 521 522 522 523 525 525 526 528 529 530 530 532 532 533 535 536 539 540 541 544 545 547 548 550 551 552 555 556 557 558 560 561
507 512 512 514 516 518 520 522 525 527 530 531 532 532 533 535 535 536 538 539 540 540 542 542 543 544 545 547 548 548 551 552 554 555 557 558 559 562 563 564 565 567 568
517 522 522 524 526 528 530 532 535 537 540 541 542 542 543 544 544 545 547 548 549 549 551 551 552 553 554 556 557 557 560 561 563 564 566 567 568 571 572 573 574 576 577
527 532 532 534 536 538 540 542 545 547 550 551 552 552 553 554 554 555 557 558 559 559 561 561 562 563 564 566 567 567 570 571 573 574 576 577 578 581 582 583 584 586 587
537 542 542 544 546 547 549 551 553 555 558 559 560 560 561 562 562 563 565 566 567 567 569 569 570 571 572 574 575 575 578 579 581 582 584 585 586 589 590 591 592 594 595
547 552 552 554 556 557 559 561 563 565 568 569 570 570 571 572 572 573 575 576 577 577 579 579 580 581 582 584 585 585 588 589 591 592 594 595 596 599 600 601 602 604 605
557 562 562 564 566 567 569 571 573 575 578 579 580 580 581 582 582 583 585 586 587 587 589 589 590 591 592 594 595 595 598 599 601 602 604 605 606 609 610 611 612 614 615
567 572 572 574 576 577 579 581 583 585 588 589 590 590 591 592 592 593 595 596 597 597 599 599 600 601 602 604 605 605 608 609 611 612 614 615 616 619 620 621 622 624 625
577 582 582 584 586 587 589 591 593 595 598 599 600 600 601 602 602 603 605 606 607 607 609 609 609 610 611 613 614 614 617 618 620 621 623 624 625 628 629 630 631 633 634
587 592 592 594 596 597 599 601 603 605 607 608 610 610 611 612 612 613 615 616 617 617 619 619 619 620 621 623 624 624 627 628 630 631 633 634 635 638 639 640 641 643 644
597 602 602 604 606 607 608 610 612 614 616 617 619 619 620 621 621 622 624 625 626 626 628 628 628 629 630 632 633 633 636 637 639 640 642 643 644 647 648 649 650 652 653
607 612 612 614 616 617 618 620 622 624 626 627 629 629 630 631 631 632 634 635 636 636 638 638 638 639 640 642 643 643 646 647 649 650 652 653 654 657 658 659 660 662 663
617 622 622 624 626 627 628 630 632 634 636 637 639 639 640 641 641 642 644 645 646 646 648 648 648 649 650 652 653 653 656 657 659 660 662 663 664 667 668 669 670 672 673
627 632 632 634 636 637 638 640 642 644 646 647 649 649 650 651 651 652 654 655 656 656 658 658 658 659 660 661 662 662 665 666 668 669 671 672 673 676 677 678 679 681 682
637 642 642 644 646 647 648 650 652 654 656 657 659 659 660 661 661 662 664 665 666 666 668 668 669 670 671 672 673 673 676 677 679 680 682 683 684 687 688 689 690 692 693
647 652 652 654 656 657 658 660 662 664 666 667 669 669 670 671 671 672 674 675 676 676 678 678 679 680 681 682 683 683 686 687 689 690 692 693 694 697 698 699 700 702 703
657 662 662 664 666 668 669 670 672 674 676 677 679 679 680 681 681 682 684 685 686 686 688 688 689 690 691 692 693 693 696 697 699 700 702 703 704 707 708 709 710 712 713
667 672 672 674 676 678 679 680 682 684 686 687 689 689 690 691 691 692 694 695 696 696 698 698 699 700 701 702 703 703 706 707 709 710 712 713 714 717 718 719 720 722 723
677 682 682 684 686 688 689 690 692 694 696 697 699 699 700 701 701 702 704 705 706 706 708 708 709 710 711 712 713 713 716 717 719 720 722 723 724 727 728 729 730 732 733
687 692 692 694 696 698 699 700 702 704 706 707 709 709 710 711 711 712 714 715 716 716 718 718 719 720 721 722 723 723 726 727 729 730 731 732 733 736 737 738 739 741 742
697 702 702 704 706 708 709 710 712 714 716 717 719 719 720 721 721 722 724 725 726 726 728 728 729 731 732 733 734 734 737 738 740 741 742 743 744 747 748 749 750 752 753
707 712 712 714 716 718 719 720 722 724 726 727 729 729 730 731 731 732 734 735 736 736 738 738 739 741 742 743 744 744 747 748 750 751 752 753 754 757 758 759 760 762 763
717 721 722 723 725 727 728 730 732 734 736 737 739 739 740 741 741 742 744 745 746 746 748 748 749 751 752 753 754 754 757 758 760 761 762 763 764 767 768 769 770 772 773
727 731 732 733 735 737 738 740 742 744 746 747 749 749 750 751 751 752 754 755 756 756 758 758 759 761 762 763 764 764 767 768 770 771 772 773 774 777 778 779 780 782 783
737 741 742 743 745 747 748 750 752 754 756 757 759 759 760 761 761 762 764 765 766 766 768 768 769 771 772 773 774 774 777 778 780 781 782 783 784 786 787 788 789 791 792
747 751 752 753 755 757 758 760 762 764 766 767 769 769 770 771 771 772 774 775 776 776 778 778 779 781 782 783 784 784 787 789 791 792 794 795 796 798 799 800 801 803 804
757 761 762 763 765 767 768 770 772 774 776 777 779 779 780 781 781 782 784 785 786 787 789 789 790 792 793 794 795 795 798 800 802 803 805 806 807 809 810 811 812 814 815
767 771 772 773 775 777 778 780 782 784 786 787 789 789 790 791 791 792 794 795 796 797 799 799 800 802 803 804 805 805 808 810 812 813 815 816 817 819 820 821 822 824 825
777 782 782 784 786 788 789 791 793 795 797 798 800 800 801 802 802 803 805 806 807 808 810 810 811 813 814 815 816 816 819 821 823 824 826 827 828 830 831 832 833 835 836
787 792 792 794 796 798 799 801 803 805 807 808 810 810 811 812 812 813 815 816 817 818 820 820 821 823 824 825 826 826 829 831 833 834 836 837 838 840 841 842 843 845 846
797 802 802 804 806 808 809 811 813 815 817 818 820 820 821 822 822 823 825 826 827 828 830 830 831 833 834 835 836 836 839 841 843 844 846 847 848 851 852 853 854 856 857
807 812 812 814 816 818 819 821 823 825 827 828 830 830 831 832 832 833 835 836 837 838 840 840 841 842 843 845 845 846 848 849 851 852 854 855 856 859 860 861 862 864 865
817 822 822 824 826 828 829 831 833 835 837 838 840 840 841 842 842 843 845 846 847 848 850 850 851 852 853 855 855 856 858 859 861 862 864 865 866 869 870 871 872 874 875
827 832 832 834 836 838 839 841 843 845 848 849 850 850 851 852 852 853 855 856 857 858 860 860 861 862 863 865 865 866 868 869 871 872 874 875 876 879 880 881 882 884 885
837 842 842 844 846 848 849 851 853 855 858 859 860 860 861 862 862 863 865 866 867 868 870 870 871 872 873 875 875 876 878 879 881 882 884 885 886 889 890 891 892 894 895
847 852 852 854 856 858 859 861 863 865 868 869 870 870 871 872 872 873 875 876 877 878 880 880 881 882 883 885 885 886 888 889 891 892 894 895 896 899 900 901 902 904 905
857 862 862 864 866 868 869 871 873 875 878 879 880 880 881 882 882 883 885 886 887 888 890 890 891 892 893 895 895 896 898 899 901 902 904 905 906 908 909 910 911 913 914
867 872 872 874 876 878 879 881 883 885 888 889 890 890 891 892 892 893 895 896 897 898 900 900 901 902 903 905 906 906 909 910 912 913 915 916 917 919 920 921 922 924 925
877 882 882 884 886 888 889 891 893 895 898 899 900 900 901 903 903 904 906 907 908 909 911 911 912 913 914 916 917 917 920 921 923 924 926 927 928 930 931 932 933 935 936
887 892 892 894 896 898 899 901 903 905 907 908 910 910 911 913 913 914 916 917 918 919 921 921 922 923 924 926 927 927 930 931 933 934 936 937 938 940 941 942 943 945 946
897 901 902 903 905 908 909 911 913 915 917 918 920 920 921 923 923 924 926 927 928 929 931 931 932 933 934 936 937 937 940 941 943 944 946 947 948 950 951 952 953 955 956
907 911 912 913 915 918 919 921 923 925 927 928 930 930 931 933 933 934 936 937 938 939 941 941 942 943 944 946 947 947 950 951 953 954 956 957 958 960 961 962 963 965 966
917 921 922 923 925 928 929 931 933 935 937 938 940 940 941 943 943 944 946 947 948 949 951 951 952 953 954 956 957 957 960 961 963 964 966 967 968 971 972 973 974 976 977
927 931 932 933 935 938 939 941 943 945 947 948 950 950 951 953 953 954 956 957 958 959 961 961 962 964 965 967 968 968 971 972 974 975 977 978 979 982 983 984 985 987 988
937 941 942 943 945 948 949 951 953 955 957 958 960 960 961 963 963 965 967 968 969 970 972 972 973 975 976 978 979 979 982 983 985 986 988 989 990 993 994 995 996 998 999
947 951 952 953 955 958 959 961 963 965 967 969 971 971 972 974 974 976 978 979 980 981 983 983 984 986 987 989 990 990 993 994 996 997 999 1000 1001 1004 1005 1006 1007 1009 1010
957 962 962 964 966 968 969 971 973 975 977 979 981 981 982 984 984 986 988 989 990 991 993 993 994 996 997 999 1000 1000 1003 1004 1006 1007 1009 1010 1011 1014 1015 1016 1017 1019 1020
967 972 972 974 976 978 979 981 983 985 987 989 991 991 992 994 994 996 998 999 1000 1001 1003 1003 1004 1006 1007 1009 1010 1010 1013 1014 1016 1017 1019 1020 1021 1024 1025 1026 1027 1029 1030
976 981 981 983 985 987 988 990 992 994 996 998 1000 1000 1001 1003 1003 1005 1007 1008 1009 1010 1012 1012 1013 1015 1016 1018 1019 1019 1022 1023 1026 1027 1029 1030 1031 1034 1035 1036 1037 1039 1040
985 990 990 992 994 996 997 999 1001 1003 1005 1007 1009 1009 1010 1012 1012 1014 1016 1017 1018 1019 1021 1021 1022 1023 1024 1026 1027 1028 1031 1032 1035 1036 1038 1039 1040 1043 1044 1045 1046 1048 1049
994 999 999 1001 1003 1005 1006 1008 1010 1012 1014 1016 1018 1018 1019 1021 1021 1023 1025 1026 1027 1028 1030 1030 1031 1032 1033 1035 1036 1037 1040 1041 1044 1045 1047 1048 1049 1052 1053 1054 1055 1057 1058
1003 1008 1008 1010 1012 1014 1015 1017 1019 1021 1023 1024 1026 1026 1027 1029 1029 1031 1033 1034 1035 1036 1038 1038 1039 1040 1041 1043 1044 1045 1048 1049 1052 1053 1055 1056 1057 1060 1061 1062 1063 1065 1066
1012 1017 1017 1019 1021 1023 1025 1027 1029 1031 1034 1035 1037 1037 1038 1040 1040 1042 1044 1045 1046 1047 1049 1049 1050 1051 1052 1054 1055 1056 1059 1060 1063 1064 1066 1067 1068 1071 1072 1073 1074 1076 1077
1021 1026 1026 1028 1030 1032 1034 1036 1038 1040 1043 1044 1046 1046 1047 1049 1049 1051 1053 1054 1055 1056 1058 1058 1059 1060 1061 1063 1064 1065 1068 1069 1072 1073 1075 1076 1077 1080 1081 1082 1083 1085 1086
1029 1034 1034 1036 1038 1040 1042 1044 1046 1048 1051 1052 1054 1054 1055 1057 1057 1059 1061 1062 1063 1064 1066 1066 1067 1068 1069 1071 1072 1073 1076 1077 1080 1081 1083 1084 1085 1088 1089 1090 1091 1093 1094
1037 1042 1042 1044 1046 1048 1050 1052 1054 1056 1059 1060 1062 1062 1063 1065 1065 1067 1069 1070 1071 1072 1074 1074 1075 1076 1077 1079 1080 1081 1084 1085 1087 1088 1090 1091 1092 1095 1096 1097 1098 1100 1101
1045 1050 1050 1052 1054 1056 1058 1060 1062 1064 1067 1068 1070 1070 1071 1073 1073 1075 1077 1078 1079 1080 1082 1082 1083 1084 1085 1087 1088 1088 1091 1092 1094 1095 1097 1098 1099 1102 1103 1104 1105 1107 1108
1054 1059 1059 1061 1063 1065 1067 1069 1071 1073 1076 1077 1079 1079 1080 1082 1082 1083 1085 1086 1087 1088 1090 1090 1091 1092 1093 1095 1096 1096 1099 1100 1102 1103 1105 1106 1107 1110 1111 1112 1113 1115 1116
1063 1068 1068 1070 1072 1074 1076 1078 1080 1082 1085 1086 1088 1088 1089 1091 1091 1092 1094 1095 1096 1097 1099 1099 1100 1101 1102 1104 1105 1105 1108 1109 1111 1112 1114 1115 1116 1119 1120 1121 1122 1124 1125
1071 1076 1076 1078 1080 1083 1084 1086 1088 1090 1093 1094 1096 1096 1097 1099 1099 1100 1102 1103 1104 1105 1107 1107 1108 1109 1110 1112 1113 1113 1116 1117 1119 1120 1122 1123 1124 1127 1128 1129 1130 1132 1133
1079 1084 1084 1086 1088 1091 1092 1094 1096 1098 1101 1102 1104 1104 1105 1107 1107 1108 1110 1111 1112 1113 1115 1115 1116 1117 1118 1120 1121 1121 1124 1125 1127 1128 1130 1131 1132 1135 1136 1137 1138 1140 1141
1087 1092 1092 1094 1096 1099 1100 1102 1104 1106 1109 1110 1112 1112 1113 1115 1115 1116 1118 1119 1120 1121 1123 1123 1124 1125 1126 1128 1129 1129 1132 1133 1135 1136 1138 1139 1140 1143 1144 1145 1146 1148 1149
1095 1100 1100 1102 1104 1107 1108 1110 1112 1114 1117 1118 1120 1120 1121 1123 1123 1124 1126 1127 1128 1129 1131 1131 1132 1133 1134 1136 1137 1137 1140 1141 1143 1144 1146 1147 1148 1150 1151 1152 1153 1155 1156
1103 1108 1108 1110 1112 1115 1116 1118 1120 1122 1125 1126 1128 1128 1129 1131 1131 1132 1134 1135 1136 1137 1139 1139 1140 1141 1142 1143 1144 1144 1147 1148 1150 1151 1153 1154 1155 1157 1158 1159 1160 1162 1163
1111 1116 1116 1118 1120 1123 1124 1126 1128 1130 1133 1134 1136 1136 1137 1139 1139 1140 1142 1143 1144 1144 1146 1146 1147 1148 1149 1150 1151 1151 1154 1155 1157 1158 1160 1161 1162 1164 1165 1166 1167 1169 1170
1120 1125 1125 1127 1129 1132 1133 1135 1137 1139 1142 1143 1145 1145 1146 1147 1147 1148 1150 1151 1152 1152 1154 1154 1155 1156 1157 1158 1159 1159 1162 1163 1165 1166 1168 1169 1170 1172 1173 1174 1175 1177 1178
1129 1134 1134 1136 1138 1141 1142 1144 1146 1148 1150 1151 1153 1153 1154 1155 1155 1156 1158 1159 1160 1160 1162 1162 1163 1164 1165 1166 1167 1167 1170 1171 1173 1174 1176 1177 1178 1180 1181 1182 1183 1185 1186
1138 1142 1143 1144 1146 1148 1149 1151 1153 1155 1157 1158 1160 1160 1161 1162 1162 1163 1165 1166 1167 1167 1169 1169 1170 1171 1172 1173 1174 1174 1177 1178 1180 1181 1183 1184 1185 1187 1188 1189 1190 1192 1193
1147 1151 1152 1153 1155 1157 1158 1160 1162 1164 1166 1167 1169 1169 1170 1171 1171 1172 1174 1175 1176 1176 1178 1178 1179 1180 1181 1182 1183 1183 1186 1187 1189 1190 1192 1193 1194 1196 1197 1198 1199 1201 1202
1157 1161 1162 1163 1165 1167 1168 1170 1172 1174 1176 1177 1178 1178 1179 1180 1180 1181 1183 1184 1185 1185 1187 1187 1188 1189 1190 1191 1192 1192 1195 1196 1198 1199 1201 1202 1203 1205 1206 1207 1208 1209 1210
1167 1171 1172 1173 1175 1177 1178 1180 1182 1184 1186 1187 1188 1188 1189 1190 1190 1191 1193 1194 1195 1195 1197 1197 1198 1199 1200 1201 1201 1202 1204 1205 1207 1208 1209 1210 1211 1213 1214 1215 1216 1217 1218
1177 1181 1182 1183 1185 1187 1188 1190 1192 1194 1196 1197 1198 1198 1199 1200 1200 1201 1203 1204 1205 1205 1207 1207 1208 1209 1210 1211 1211 1212 1214 1215 1217 1218 1219 1220 1221 1223 1224 1225 1226 1227 1228
1187 1191 1192 1193 1195 1197 1198 1200 1202 1204 1206 1207 1208 1208 1209 1210 1210 1211 1213 1214 1215 1215 1217 1217 1218 1219 1220 1221 1221 1222 1224 1225 1227 1228 1229 1230 1231 1233 1234 1235 1236 1237 1238
1197 1201 1202 1203 1205 1207 1208 1209 1211 1213 1215 1216 1217 1217 1218 1219 1219 1220 1222 1223 1224 1224 1226 1226 1227 1228 1229 1230 1230 1231 1233 1234 1236 1237 1238 1238 1239 1241 1242 1243 1244 1245 1246
1212 1216 1217 1218 1220 1222 1223 1224 1226 1228 1230 1231 1232 1232 1233 1234 1234 1235 1236 1237 1238 1238 1240 1240 1240 1241 1242 1243 1243 1244 1246 1247 1249 1250 1251 1251 1252 1254 1255 1256 1257 1258 1259
1227 1231 1232 1233 1235 1237 1238 1239 1241 1243 1245 1246 1247 1247 1248 1249 1249 1250 1251 1252 1253 1253 1255 1255 1255 1256 1257 1258 1258 1259 1261 1262 1264 1265 1266 1266 1267 1269 1270 1271 1272 1273 1274
1242 1246 1247 1248 1250 1252 1253 1254 1256 1258 1260 1261 1262 1262 1263 1264 1264 1265 1266 1267 1268 1268 1270 1270 1270 1271 1272 1273 1273 1274 1276 1277 1279 1280 1281 1281 1282 1284 1285 1286 1287 1288 1289
1257 1261 1262 1263 1265 1266 1267 1268 1270 1272 1274 1275 1276 1276 1277 1278 1278 1279 1280 1281 1282 1282 1284 1284 1284 1285 1286 1287 1287 1288 1290 1291 1292 1293 1294 1294 1295 1297 1298 1299 1300 1301 1302
1279 1281 1282 1283 1285 1286 1287 1288 1290 1292 1294 1295 1296 1296 1297 1298 1298 1299 1300 1300 1301 1302 1303 1303 1303 1304 1305 1306 1306 1307 1309 1310 1311 1312 1313 1313 1314 1316 1317 1318 1319 1320 1321
1299 1301 1302 1303 1305 1306 1307 1308 1310 1312 1314 1315 1316 1316 1317 1318 1318 1319 1320 1320 1321 1322 1323 1323 1323 1324 1325 1326 1326 1327 1329 1330 1331 1332 1333 1333 1334 1336 1337 1338 1339 1340 1341
1319 1321 1322 1323 1325 1326 1327 1328 1330 1332 1334 1335 1336 1336 1337 1338 1338 1339 1340 1340 1341 1342 1343 1343 1343 1344 1345 1346 1346 1347 1349 1350 1351 1352 1353 1353 1354 1356 1357 1358 1359 1360 1361
1339 1341 1342 1343 1345 1346 1347 1348 1350 1351 1353 1354 1355 1355 1356 1357 1357 1358 1359 1359 1360 1361 1362 1362 1362 1363 1364 1365 1365 1366 1368 1369 1370 1371 1372 1372 1373 1375 1376 1377 1378 1379 1380
1359 1361 1362 1363 1365 1366 1367 1368 1370 1371 1373 1374 1375 1375 1376 1377 1377 1378 1379 1379 1380 1381 1382 1382 1382 1383 1384 1385 1385 1386 1388 1389 1390 1391 1392 1392 1393 1395 1396 1397 1398 1399 1400
1379 1381 1382 1383 1385 1386 1387 1388 1390 1391 1393 1394 1395 1395 1396 1397 1397 1398 1399 1399 1400 1401 1402 1402 1402 1403 1404 1405 1405 1406 1408 1409 1410 1411 1412 1412 1413 1415 1416 1417 1418 1419 1420
1399 1401 1402 1403 1405 1406 1407 1408 1410 1411 1413 1414 1415 1415 1416 1417 1417 1418 1419 1419 1420 1421 1422 1422 1422 1423 1424 1425 1425 1426 1428 1429 1430 1431 1432 1432 1433 1435 1436 1437 1438 1439 0
1419 1421 1422 1423 1425 1426 1427 1428 1430 1431 1433 1434 1435 1435 1436 1437 1437 1438 1439 1439 0 1 2 2 2 3 4 5 5 6 8 9 10 11 12 12 13 15 16 17 18 19 20
1439 1 2 3 5 6 7 8 10 11 13 14 15 15 16 17 17 18 19 19 20 21 22 22 22 23 24 25 25 26 28 29 30 31 32 32 33 35 36 37 38 39 40
2 40 105
1709 197 1340 1343 1338 2347 2492 5 2522 1980 2493 2756 719 1347 758 85 1431 447 1018 766 363 450 1432 391 445 1433 1434 1435 1152 154 2961 2224 2035 501 2106 2037 538 877 317 2488
0 1 3 4 4 6 7 8 9 12 13 14 15 16 17 18 18 19 20 21 21 22 23 23 24 25 26 27 28 28 30 32 32 33 35 36 37 38 40 42
300 301 303 303 304 306 307 308 309 312 313 314 315 316 317 318 318 319 320 321 321 322 323 323 324 325 326 327 328 328 330 332 332 333 335 335 336 338 339 341
320 321 323 323 324 326 327 328 329 332 333 334 335 336 337 338 338 339 340 341 341 342 343 343 344 345 346 347 348 348 350 352 352 353 355 355 356 358 359 361
340 341 343 343 344 346 347 348 349 352 353 354 355 356 357 358 358 359 360 361 361 362 363 363 365 366 367 368 369 369 371 373 373 374 376 377 378 379 381 383
360 361 363 363 364 366 367 368 369 372 373 374 375 376 377 378 378 379 380 381 381 382 383 383 385 386 387 388 389 389 391 394 394 395 397 398 399 400 402 404
375 376 378 378 379 381 382 383 384 387 388 389 390 391 392 393 393 394 395 396 396 397 398 398 400 401 402 403 404 404 406 409 409 410 412 413 414 415 417 419
385 386 388 388 389 391 392 393 394 397 398 399 400 401 402 403 403 404 405 406 406 407 408 408 410 411 412 413 414 414 416 419 419 420 422 423 424 426 427 430
395 396 398 398 399 401 402 403 404 407 408 409 410 411 412 413 413 414 415 416 416 417 418 418 420 421 422 423 424 425 427 431 432 434 436 437 438 440 441 444
405 406 408 408 409 411 412 413 414 417 418 419 420 421 423 424 424 425 426 427 428 429 430 431 433 434 436 437 438 439 441 445 446 448 450 451 452 454 455 458
415 416 418 418 419 421 422 423 424 427 429 430 431 432 434 435 435 436 437 438 439 440 441 442 444 445 447 448 449 450 452 456 457 459 461 462 463 465 466 469
425 426 428 428 429 431 432 433 434 437 439 440 441 442 444 445 445 446 447 448 449 450 451 452 454 455 457 458 459 460 462 466 467 469 471 472 473 475 476 479
433 434 436 436 437 439 440 441 442 445 447 448 449 450 452 453 453 454 455 456 457 458 459 460 462 463 465 466 467 468 470 474 475 477 479 480 481 483 484 487
441 442 444 444 445 447 448 449 450 453 455 456 457 458 460 461 461 462 463 464 465 466 467 468 470 471 473 474 475 476 478 482 483 484 486 487 488 491 493 496
449 450 452 452 453 455 456 457 458 461 463 464 465 466 468 469 469 470 471 472 473 474 475 476 478 479 481 482 484 485 487 491 492 493 495 496 497 500 502 505
457 458 460 460 461 463 464 465 466 469 471 472 473 474 476 477 477 478 479 480 481 482 483 484 487 489 491 492 494 495 497 501 502 503 505 506 507 510 512 515
465 466 468 468 469 471 472 473 474 477 479 480 481 482 483 484 485 486 487 488 489 490 491 492 495 497 499 500 502 503 505 509 510 511 513 514 515 518 520 523
475 476 478 478 479 481 482 483 485 488 489 491 492 493 494 495 496 497 498 499 500 501 502 503 506 508 510 511 513 514 516 520 521 522 524 525 526 529 531 534
485 486 488 488 489 491 493 494 496 499 500 502 503 504 505 506 507 508 509 510 511 512 513 514 517 519 521 522 524 525 527 531 532 533 535 536 537 540 542 545
495 496 498 498 499 501 503 504 506 509 510 512 513 514 515 516 517 518 519 520 521 522 523 524 527 529 531 532 534 535 537 541 542 543 545 546 547 550 551 554
504 505 507 507 508 510 512 513 515 518 519 521 522 523 524 525 526 527 528 529 530 531 532 533 536 538 540 541 542 543 545 549 550 551 553 554 555 558 559 562
513 514 516 516 517 519 521 522 524 527 528 530 531 532 533 534 535 536 537 538 539 540 541 542 544 545 547 548 549 550 552 556 557 558 560 561 562 565 566 569
523 524 526 526 527 529 531 532 534 537 538 540 541 542 543 544 544 545 546 547 548 549 550 551 553 554 556 557 558 559 561 565 566 567 569 570 571 574 575 578
533 534 536 536 537 539 541 542 544 547 548 550 551 552 553 554 554 555 556 557 558 559 560 561 563 564 566 567 568 569 571 575 576 577 579 580 581 584 585 588
543 544 546 546 547 549 551 552 554 557 558 560 561 562 563 564 564 565 566 567 568 569 570 571 573 574 576 577 578 579 581 585 586 587 589 590 591 594 595 598
553 554 556 556 557 559 561 562 564 567 568 570 571 572 573 574 574 575 576 577 578 579 580 581 583 584 586 587 588 589 591 595 596 597 599 600 601 604 605 608
563 564 566 566 567 569 571 572 574 577 578 580 581 582 583 584 584 585 586 587 588 589 590 591 593 594 596 597 598 599 601 604 605 607 609 610 611 614 615 618
573 574 576 576 577 579 581 582 584 587 588 590 591 592 593 594 594 595 596 597 598 599 600 601 602 604 605 606 607 608 610 613 614 616 618 619 620 623 624 627
583 584 586 586 587 589 591 592 594 597 598 600 601 602 603 604 604 605 606 607 608 609 610 611 612 614 615 616 617 618 620 623 624 626 628 629 630 633 634 637
593 594 596 596 597 599 601 602 604 607 608 610 611 612 613 614 614 615 616 617 618 619 620 621 622 624 625 626 627 628 630 633 634 636 638 639 640 643 644 647
603 604 606 606 607 609 611 612 614 617 618 620 621 622 623 624 624 625 626 627 628 629 630 631 632 634 635 636 637 638 640 643 644 646 648 649 650 653 654 657
613 614 616 616 617 619 621 622 624 627 628 630 631 632 633 634 634 635 636 637 638 639 640 641 642 644 645 646 647 648 650 653 654 656 658 659 660 663 664 667
623 624 626 626 627 629 631 632 634 637 638 640 641 642 643 644 644 645 646 647 648 649 650 651 652 654 655 656 657 658 660 663 664 665 667 668 669 672 673 676
633 634 636 636 637 639 641 642 644 647 648 650 651 652 653 654 654 655 656 657 658 659 660 661 662 664 665 666 667 668 670 673 674 675 677 678 679 682 683 686
643 644 646 646 647 649 651 652 654 657 658 660 661 662 664 665 665 666 667 668 669 670 671 672 673 675 676 677 678 679 681 684 685 686 688 689 690 693 694 697
653 654 656 656 657 659 661 662 664 667 669 670 671 672 674 675 675 676 677 678 679 680 681 682 683 685 686 687 688 689 691 694 695 696 698 699 700 703 704 707
663 664 666 666 667 669 671 672 674 677 679 680 681 682 684 685 685 686 687 688 689 690 691 692 693 695 696 697 698 699 701 704 705 706 708 709 710 713 714 717
673 674 676 676 677 679 681 682 684 687 689 690 691 692 694 695 695 696 697 698 699 700 701 702 703 705 706 707 708 709 711 714 715 716 718 719 720 723 724 727
683 684 686 686 687 689 691 692 694 697 699 700 701 702 704 705 705 706 707 708 709 710 711 712 713 715 716 717 718 719 721 724 725 726 728 729 730 733 734 737
693 694 696 696 697 699 701 702 704 707 709 710 711 712 714 715 715 716 717 718 719 720 721 722 723 725 726 727 728 729 731 734 735 736 738 739 740 743 744 747
703 704 706 706 707 709 711 712 714 717 719 720 721 722 723 724 724 725 726 727 728 729 730 731 732 734 735 736 737 738 740 743 744 745 747 748 749 752 753 756
713 714 716 716 717 719 721 722 724 727 728 730 731 732 733 734 734 735 736 737 738 739 740 741 742 744 745 746 747 748 750 753 754 755 757 758 759 762 763 766
723 724 726 726 728 730 732 733 735 738 739 741 742 743 744 745 745 746 747 748 749 750 751 752 753 755 756 757 758 759 761 764 765 766 768 769 770 773 774 777
733 734 736 736 738 740 742 743 745 748 749 751 752 753 754 755 755 756 757 758 759 760 761 762 763 765 766 767 768 769 771 774 775 776 778 779 780 783 784 787
743 744 746 746 748 750 752 753 755 758 759 761 762 763 764 765 765 766 767 768 769 770 771 772 773 775 776 777 778 779 781 784 785 786 788 789 790 793 794 797
753 754 756 756 758 760 762 763 765 768 769 771 772 773 774 775 775 776 777 778 779 780 781 782 783 785 786 787 788 788 790 793 794 795 797 798 799 802 803 806
763 764 766 766 768 770 772 773 775 778 779 781 782 783 785 786 786 787 788 789 790 791 792 793 794 796 797 798 799 799 801 804 805 806 808 809 810 813 814 817
773 774 776 776 778 780 782 783 785 788 790 791 792 793 795 796 796 797 798 799 800 801 802 803 804 806 807 808 809 809 811 814 815 816 818 819 820 823 824 827
783 784 786 786 787 789 791 792 794 797 799 800 801 802 804 805 805 806 807 808 809 810 811 812 813 815 816 817 818 818 820 823 824 825 827 828 829 832 833 836
793 794 796 796 797 799 801 802 804 807 809 810 811 812 814 815 815 816 817 818 819 820 821 822 823 825 826 827 828 828 830 833 834 835 837 838 839 842 843 846
803 804 806 806 807 809 811 812 814 817 819 820 821 822 824 825 825 826 827 828 829 830 831 832 833 835 836 837 838 838 840 843 844 845 847 848 849 852 853 856
813 814 816 816 817 819 821 822 824 827 829 830 831 832 834 835 835 836 837 838 839 840 841 842 843 845 846 847 848 849 851 854 855 856 858 859 860 863 864 867
823 824 826 826 827 829 831 832 834 837 839 840 841 842 844 845 845 846 847 848 849 850 851 852 853 855 856 857 858 859 861 864 865 866 868 869 870 873 874 877
833 834 836 836 837 839 841 842 844 847 849 850 851 852 854 855 855 856 857 858 859 860 861 862 863 865 866 867 868 869 871 874 875 876 878 879 880 883 884 887
843 844 846 846 847 849 851 852 854 857 859 860 861 862 864 865 865 866 867 868 869 870 871 872 873 875 876 877 878 879 881 884 885 886 888 889 890 893 894 897
853 854 856 856 857 859 861 862 864 867 869 870 871 872 874 875 875 876 877 878 879 880 881 882 883 885 886 887 888 889 891 894 895 896 898 899 900 903 904 907
863 864 866 866 867 869 871 872 874 877 879 880 881 882 884 885 885 886 887 888 889 890 891 892 893 895 896 897 898 899 901 905 906 908 910 911 912 915 916 919
873 874 876 876 877 879 881 882 884 887 889 890 891 892 894 895 895 896 897 898 899 900 901 902 903 905 906 907 908 908 910 914 915 917 919 920 921 924 925 928
883 884 886 886 887 889 891 892 894 897 899 900 901 902 903 904 905 906 907 908 909 910 911 912 913 915 916 917 918 918 920 924 925 927 929 930 931 934 935 938
893 894 896 896 897 899 901 902 904 908 909 911 912 913 914 915 916 917 918 919 920 921 922 923 924 926 927 928 929 929 931 935 936 938 940 941 942 945 946 949
903 904 906 906 908 910 912 913 915 919 920 922 923 924 925 926 927 928 929 930 931 932 933 934 935 937 938 939 940 940 942 946 947 949 951 952 953 956 957 960
913 914 916 916 918 920 922 923 925 929 930 932 933 934 935 936 937 938 939 940 941 942 943 944 945 947 948 949 950 950 952 956 957 959 961 962 963 966 968 971
923 924 926 926 928 930 932 933 935 939 940 942 943 944 945 946 947 948 949 950 951 952 953 954 955 957 958 959 960 960 962 967 968 970 973 974 975 978 980 983
933 934 936 936 938 940 942 943 945 949 950 952 953 954 955 956 957 958 959 960 961 962 963 964 965 967 968 969 970 971 973 978 979 981 984 985 986 989 991 994
943 944 946 946 948 950 952 953 955 959 960 962 963 964 966 967 967 968 969 970 971 972 973 974 975 977 978 979 980 981 983 988 989 991 994 995 996 999 1001 1004
952 953 955 955 957 959 961 962 964 968 969 971 972 973 975 976 976 977 978 979 980 981 982 983 984 986 987 988 989 990 992 997 998 1000 1003 1004 1005 1008 1010 1013
960 962 964 964 966 968 970 971 973 977 978 980 981 982 984 985 985 986 987 988 989 990 991 992 993 995 996 997 998 999 1001 1006 1007 1009 1012 1013 1014 1017 1019 1022
968 970 972 972 974 976 978 979 981 985 986 988 989 990 992 993 993 994 995 996 997 998 999 1000 1001 1003 1004 1005 1006 1007 1009 1014 1015 1017 1020 1021 1023 1026 1027 1031
976 978 980 980 982 984 986 987 989 993 994 996 997 998 1000 1001 1001 1002 1003 1004 1005 1006 1007 1008 1009 1011 1012 1013 1014 1015 1017 1022 1023 1025 1028 1029 1031 1034 1035 1039
984 986 988 988 990 992 994 995 997 1001 1002 1004 1005 1006 1008 1009 1009 1010 1011 1012 1013 1014 1015 1016 1017 1019 1020 1021 1022 1023 1025 1029 1030 1032 1035 1036 1038 1041 1042 1046
992 994 996 996 998 1000 1002 1003 1005 1009 1010 1012 1013 1014 1016 1017 1017 1018 1019 1020 1021 1022 1023 1024 1025 1027 1028 1029 1030 1031 1033 1037 1038 1040 1043 1044 1046 1049 1050 1054
1000 1002 1004 1004 1006 1008 1010 1011 1013 1017 1018 1020 1021 1022 1023 1024 1025 1026 1027 1028 1029 1031 1032 1033 1034 1036 1037 1038 1039 1040 1042 1046 1047 1049 1052 1053 1055 1058 1059 1063
1007 1009 1011 1011 1013 1015 1017 1018 1020 1024 1025 1028 1029 1031 1032 1033 1034 1035 1036 1037 1038 1040 1041 1042 1043 1045 1046 1047 1048 1049 1051 1055 1056 1058 1061 1062 1064 1067 1068 1072
1015 1017 1019 1019 1021 1023 1025 1026 1029 1034 1035 1038 1039 1041 1042 1043 1044 1045 1046 1047 1048 1050 1051 1052 1053 1055 1056 1057 1058 1059 1061 1065 1066 1068 1071 1072 1074 1077 1078 1082
1024 1026 1028 1029 1030 1033 1034 1036 1039 1044 1045 1048 1049 1051 1052 1053 1054 1055 1056 1057 1058 1060 1061 1062 1063 1065 1066 1067 1068 1069 1071 1075 1076 1078 1081 1082 1083 1086 1088 1091
1033 1035 1037 1038 1039 1042 1043 1045 1048 1053 1054 1057 1058 1060 1061 1062 1063 1064 1065 1066 1067 1069 1070 1071 1072 1074 1075 1076 1077 1078 1080 1084 1085 1087 1089 1090 1091 1094 1096 1099
1042 1044 1046 1047 1048 1051 1052 1054 1057 1062 1063 1066 1067 1069 1070 1071 1072 1073 1074 1075 1076 1078 1079 1080 1081 1083 1084 1085 1086 1086 1088 1092 1093 1095 1097 1098 1099 1102 1104 1107
1051 1053 1055 1056 1057 1060 1061 1063 1066 1071 1072 1075 1076 1078 1079 1080 1081 1082 1083 1084 1085 1086 1087 1088 1089 1091 1092 1093 1094 1094 1096 1100 1101 1103 1105 1106 1107 1110 1112 1115
1060 1062 1064 1065 1066 1069 1070 1072 1075 1080 1082 1084 1085 1087 1089 1090 1091 1092 1093 1094 1095 1096 1097 1098 1099 1101 1102 1103 1104 1104 1106 1110 1111 1113 1115 1116 1117 1120 1122 1125
1069 1071 1073 1074 1075 1078 1079 1081 1083 1088 1090 1092 1093 1095 1097 1098 1099 1100 1101 1102 1103 1104 1105 1106 1107 1109 1110 1111 1112 1112 1114 1118 1119 1121 1123 1124 1125 1128 1130 1133
1078 1080 1082 1082 1084 1086 1088 1089 1091 1096 1098 1100 1101 1103 1105 1106 1107 1108 1109 1110 1111 1112 1113 1114 1115 1117 1118 1119 1120 1120 1122 1126 1127 1129 1131 1132 1133 1136 1138 1141
1086 1088 1090 1090 1092 1094 1096 1097 1099 1104 1106 1108 1109 1111 1113 1114 1115 1116 1117 1118 1119 1120 1121 1122 1123 1125 1126 1127 1128 1128 1130 1134 1135 1137 1139 1140 1141 1144 1146 1149
1095 1097 1099 1099 1101 1103 1105 1106 1108 1113 1115 1117 1118 1120 1122 1123 1124 1125 1126 1127 1128 1129 1130 1131 1132 1134 1135 1136 1137 1137 1139 1143 1144 1145 1147 1148 1149 1152 1153 1156
1103 1105 1107 1107 1109 1111 1113 1114 1116 1121 1123 1125 1126 1128 1130 1131 1132 1133 1134 1135 1136 1137 1138 1139 1140 1142 1143 1144 1145 1145 1147 1150 1151 1152 1154 1155 1156 1159 1160 1163
1111 1113 1115 1115 1117 1119 1121 1122 1124 1129 1131 1133 1134 1136 1138 1139 1140 1141 1142 1143 1143 1144 1145 1146 1147 1149 1150 1151 1152 1152 1154 1157 1158 1159 1161 1162 1163 1166 1167 1170
1120 1122 1124 1124 1126 1128 1130 1131 1133 1138 1140 1142 1143 1144 1145 1146 1146 1147 1148 1149 1149 1150 1151 1152 1153 1155 1156 1157 1158 1158 1160 1163 1164 1165 1167 1168 1169 1172 1173 1176
1130 1132 1134 1134 1136 1138 1140 1141 1143 1146 1148 1150 1151 1152 1153 1154 1154 1155 1156 1157 1157 1158 1159 1160 1161 1163 1164 1165 1166 1166 1168 1171 1172 1173 1175 1176 1177 1180 1181 1184
1140 1141 1143 1143 1144 1146 1148 1149 1151 1154 1156 1158 1159 1160 1161 1162 1162 1163 1164 1165 1165 1166 1167 1168 1169 1171 1172 1173 1174 1174 1176 1179 1180 1181 1183 1184 1185 1188 1189 1192
1150 1151 1153 1153 1154 1156 1158 1159 1161 1164 1166 1168 1169 1170 1171 1172 1172 1173 1174 1175 1175 1176 1177 1178 1179 1181 1182 1183 1184 1184 1186 1189 1190 1191 1193 1194 1195 1198 1199 1202
1160 1161 1163 1163 1164 1166 1168 1169 1171 1174 1176 1177 1178 1179 1180 1181 1181 1182 1183 1184 1184 1185 1186 1187 1188 1190 1191 1192 1193 1193 1195 1198 1199 1200 1202 1203 1204 1206 1207 1210
1170 1171 1173 1173 1174 1176 1178 1179 1181 1184 1186 1187 1188 1189 1190 1191 1191 1192 1193 1194 1194 1195 1196 1197 1198 1200 1201 1202 1203 1203 1205 1208 1209 1210 1212 1213 1214 1216 1217 1220
1180 1181 1183 1183 1184 1186 1188 1189 1191 1194 1196 1197 1198 1199 1200 1201 1201 1202 1203 1204 1204 1205 1206 1206 1208 1209 1210 1211 1212 1212 1214 1217 1218 1219 1221 1222 1223 1225 1226 1229
1190 1191 1193 1193 1194 1196 1198 1199 1201 1204 1205 1206 1207 1208 1209 1210 1210 1211 1212 1213 1213 1214 1215 1215 1217 1218 1219 1220 1221 1221 1223 1226 1227 1228 1230 1231 1232 1234 1235 1238
1200 1201 1203 1203 1204 1206 1208 1209 1210 1213 1214 1215 1216 1217 1218 1219 1219 1220 1221 1222 1222 1223 1224 1224 1226 1227 1228 1229 1230 1230 1232 1235 1236 1237 1239 1240 1241 1243 1244 1247
1215 1216 1218 1218 1219 1221 1223 1224 1225 1228 1229 1230 1231 1232 1233 1234 1234 1235 1236 1237 1237 1238 1239 1239 1240 1241 1242 1243 1244 1244 1246 1249 1250 1251 1253 1254 1255 1257 1258 1261
1230 1231 1233 1233 1234 1236 1238 1239 1240 1243 1244 1245 1246 1247 1248 1249 1249 1250 1251 1252 1252 1253 1254 1254 1255 1256 1257 1258 1259 1259 1261 1263 1264 1265 1267 1268 1269 1271 1272 1275
1245 1246 1248 1248 1249 1251 1253 1254 1255 1258 1259 1260 1261 1262 1263 1264 1264 1265 1266 1267 1267 1268 1269 1269 1270 1271 1272 1273 1274 1274 1276 1278 1279 1280 1282 1283 1284 1286 1287 1290
1260 1261 1263 1263 1264 1266 1267 1268 1269 1272 1273 1274 1275 1276 1277 1278 1278 1279 1280 1281 1281 1282 1283 1283 1284 1285 1286 1287 1288 1288 1290 1292 1292 1293 1295 1296 1297 1298 1300 1302
1280 1281 1283 1283 1284 1286 1287 1288 1289 1292 1293 1294 1295 1296 1297 1298 1298 1299 1300 1301 1301 1302 1303 1303 1304 1305 1306 1307 1308 1308 1310 1312 1312 1313 1315 1316 1317 1318 1320 1322
1300 1301 1303 1303 1304 1306 1307 1308 1309 1312 1313 1314 1315 1316 1317 1318 1318 1319 1320 1321 1321 1322 1323 1323 1324 1325 1326 1327 1328 1328 1330 1332 1332 1333 1335 1336 1337 1338 1340 1342
1320 1321 1323 1323 1324 1326 1327 1328 1329 1332 1333 1334 1335 1336 1337 1338 1338 1339 1340 1341 1341 1342 1343 1343 1344 1345 1346 1347 1348 1348 1350 1352 1352 1353 1355 1356 1357 1358 1360 1362
1340 1341 1343 1343 1344 1346 1347 1348 1349 1352 1353 1354 1355 1356 1357 1358 1358 1359 1360 1361 1361 1362 1363 1363 1364 1365 1366 1367 1368 1368 1370 1372 1372 1373 1375 1376 1377 1378 1380 1382
1360 1361 1363 1363 1364 1366 1367 1368 1369 1372 1373 1374 1375 1376 1377 1378 1378 1379 1380 1381 1381 1382 1383 1383 1384 1385 1386 1387 1388 1388 1390 1392 1392 1393 1395 1396 1397 1398 1400 1402
1380 1381 1383 1383 1384 1386 1387 1388 1389 1392 1393 1394 1395 1396 1397 1398 1398 1399 1400 1401 1401 1402 1403 1403 1404 1405 1406 1407 1408 1408 1410 1412 1412 1413 1415 1416 1417 1418 1420 1422
1400 1401 1403 1403 1404 1406 1407 1408 1409 1412 1413 1414 1415 1416 1417 1418 1418 1419 1420 1421 1421 1422 1423 1423 1424 1425 1426 1427 1428 1428 1430 1432 1432 1433 1435 1436 1437 1438 0 2
1420 1421 1423 1423 1424 1426 1427 1428 1429 1432 1433 1434 1435 1436 1437 1438 1438 1439 0 1 1 2 3 3 4 5 6 7 8 8 10 12 12 13 15 16 17 18 20 22
3 26 101
4820 4818 4816 4813 4790 4831 4788 4785 4783 4781 4779 4777 4786 4724 4722 4720 4718 4716 920404942 4793 4794 4797 4834 4836 4838 4952
0 2 4 5 7 9 10 11 13 14 15 17 19 21 23 25 26 28 29 31 33 35 36 38 39 40
271 273 275 276 278 280 281 283 284 286 287 289 291 293 295 296 298 299 301 303 305 307 308 309 311 312
291 293 295 296 298 300 301 303 304 306 307 309 311 313 315 316 318 319 321 323 325 327 328 329 331 332
304 305 307 309 311 313 314 315 317 318 320 321 323 325 327 329 330 332 334 336 337 339 341 342 343 345
320 321 323 325 327 329 330 331 333 334 336 337 339 341 343 345 346 348 350 352 353 355 357 358 359 361
340 341 343 345 347 349 350 351 353 354 356 357 359 361 363 365 366 368 370 372 373 375 377 378 379 381
356 358 360 362 364 366 367 368 370 371 373 374 376 378 380 382 383 385 387 389 390 392 394 395 396 398
376 377 379 381 383 385 386 388 389 390 392 393 396 398 400 402 403 405 406 408 410 412 413 414 416 417
387 389 391 393 395 397 398 400 401 402 404 405 408 410 412 414 415 417 418 420 422 424 425 427 428 429
393 395 397 399 401 403 404 405 407 408 410 411 414 416 418 420 421 423 424 426 428 430 431 432 434 435
406 408 410 412 414 416 417 419 420 421 423 424 427 429 431 433 434 436 438 440 441 443 445 446 447 449
416 418 420 422 424 426 427 428 430 431 433 434 437 439 441 443 444 446 448 450 451 453 455 456 457 459
426 428 430 432 434 436 437 438 440 441 443 444 447 449 452 453 454 456 458 460 462 464 465 466 467 469
436 438 440 442 444 446 447 449 450 452 453 455 457 459 462 463 464 466 468 470 472 474 475 476 477 479
446 448 450 452 454 456 457 459 460 462 463 465 467 469 472 473 475 476 478 480 482 484 485 486 488 489
457 458 460 462 464 466 467 469 470 472 473 475 478 480 482 483 485 486 488 490 492 494 495 496 498 499
467 468 471 472 474 476 478 479 481 482 483 485 488 490 492 494 495 497 498 500 502 504 505 507 508 510
477 479 481 482 485 487 488 489 491 492 494 495 498 500 502 504 505 507 509 511 512 514 516 517 518 520
487 489 491 493 495 497 498 499 501 502 504 505 508 510 513 514 515 517 519 521 522 524 526 527 528 530
497 499 501 503 505 507 508 510 511 513 514 516 518 520 523 524 526 527 529 531 533 535 536 537 539 540
507 509 511 513 515 517 518 520 521 523 524 526 529 530 533 534 536 537 539 541 543 545 546 547 549 550
518 519 521 523 525 527 528 530 531 533 534 536 539 541 543 545 546 548 549 551 553 555 556 557 559 560
528 529 532 533 535 537 539 540 541 543 544 546 549 551 553 555 556 558 559 561 563 565 566 567 569 570
538 540 542 543 546 548 549 550 552 553 555 556 559 561 563 565 566 568 569 571 573 575 576 577 579 580
548 550 552 554 556 558 559 560 562 563 565 566 569 571 573 575 576 578 579 581 583 585 586 588 589 591
558 560 562 564 566 568 569 571 572 573 575 576 579 581 583 585 586 588 590 592 593 595 597 598 599 601
568 570 572 574 576 578 579 581 582 584 585 587 589 591 593 595 596 598 600 602 603 605 607 608 609 611
579 580 582 584 586 588 589 591 592 594 595 597 599 601 604 605 606 608 610 612 614 616 617 618 619 621
589 590 593 594 596 598 600 601 602 604 605 607 610 611 614 615 617 618 620 622 624 626 627 628 630 631
599 601 603 604 607 609 610 611 613 614 615 617 620 622 624 626 627 628 630 632 634 636 637 638 640 641
609 611 613 615 617 619 620 621 623 624 626 627 630 632 634 636 637 639 640 642 644 646 647 649 650 651
619 621 623 625 627 629 630 632 633 634 636 637 640 642 644 646 647 649 651 653 654 656 658 659 660 662
629 631 633 635 637 639 640 642 643 645 646 648 650 652 654 656 657 659 661 663 664 666 668 669 670 672
640 641 643 645 647 649 650 652 653 655 656 658 660 662 665 666 667 669 671 673 675 677 678 679 680 682
650 651 654 655 657 659 661 662 663 665 666 668 671 672 675 676 678 679 681 683 685 687 688 689 691 692
660 662 664 665 668 670 671 672 674 675 676 678 681 683 685 687 688 689 691 693 695 697 698 699 701 702
670 672 674 676 678 680 681 682 684 685 687 688 691 693 695 697 698 700 701 703 705 707 708 710 711 712
680 682 684 686 688 690 691 693 694 695 697 698 701 703 705 707 708 710 712 714 715 717 719 720 721 723
690 692 694 696 698 700 701 703 704 706 707 709 711 713 715 717 718 720 722 724 725 727 729 730 731 733
701 702 704 706 708 710 711 713 714 716 717 719 721 723 726 727 728 730 732 734 736 738 739 740 741 743
711 712 715 716 718 720 722 723 724 726 727 729 732 733 736 737 739 740 742 744 746 748 749 750 752 753
721 723 725 726 729 731 732 733 735 736 737 739 742 744 746 748 749 750 752 754 756 758 759 760 762 763
731 733 735 737 739 741 742 743 745 746 748 749 752 754 756 758 759 761 762 764 766 768 769 771 772 773
741 743 745 747 749 751 752 754 755 756 758 759 762 764 766 768 769 771 773 775 776 778 780 781 782 784
751 753 755 757 759 761 762 764 765 767 768 770 772 774 776 778 779 781 783 785 786 788 790 791 792 794
762 763 765 767 769 771 772 774 775 777 778 780 782 784 787 788 789 791 793 795 797 799 800 801 802 804
772 773 776 777 779 781 783 784 785 787 788 790 793 794 797 798 800 801 803 805 807 809 810 811 813 814
782 784 786 787 790 792 793 794 796 797 798 800 803 805 807 809 810 811 813 815 817 819 820 821 823 824
792 794 796 798 800 802 803 804 806 807 809 810 813 815 817 819 820 822 823 825 827 829 830 832 833 834
802 804 806 808 810 812 813 815 816 817 819 820 823 825 827 829 830 832 834 836 837 839 841 842 843 845
812 814 816 818 820 822 823 825 826 828 829 831 833 835 837 839 840 842 844 846 847 849 851 852 853 855
823 824 826 828 830 832 833 835 836 838 839 841 843 845 848 849 850 852 854 856 858 860 861 862 863 865
833 834 837 838 840 842 844 845 846 848 849 851 854 855 858 859 861 862 864 866 868 870 871 872 874 875
843 845 847 848 851 853 854 855 857 858 859 861 864 866 868 870 871 872 874 876 878 880 881 882 884 885
853 855 857 859 861 863 864 865 867 868 870 871 874 876 878 880 881 883 884 886 888 890 891 893 894 895
863 865 867 869 871 873 874 876 877 878 880 881 884 886 888 890 891 893 895 897 898 900 902 903 904 906
873 875 877 879 881 883 884 886 887 889 890 892 894 896 898 900 901 903 905 907 908 910 912 913 914 916
884 885 887 889 891 893 894 896 897 899 900 902 904 906 909 910 911 913 915 917 919 921 922 923 924 926
894 895 898 899 901 903 905 906 907 909 910 912 915 916 919 920 922 923 925 927 929 931 932 933 935 936
904 906 908 909 912 914 915 916 918 919 920 922 925 927 929 931 932 934 935 937 939 941 942 944 945 946
914 916 918 920 922 924 925 926 928 929 931 932 935 937 939 941 942 944 946 948 949 951 953 954 955 957
924 926 928 930 932 934 935 937 938 939 941 942 945 947 950 951 952 954 956 958 960 962 963 964 965 967
934 936 938 940 942 944 945 947 948 950 951 953 955 957 960 961 963 964 966 968 970 972 973 975 976 977
944 946 948 950 952 954 955 957 958 960 961 963 966 968 970 972 973 975 977 979 980 982 984 985 986 988
954 956 958 960 962 964 965 967 968 970 971 973 976 978 980 982 983 985 987 989 990 992 994 995 996 998
964 966 968 970 972 974 975 977 978 980 981 983 986 988 990 992 993 995 997 999 1001 1003 1004 1005 1006 1008
974 976 978 980 982 984 985 987 988 990 991 993 996 998 1000 1002 1003 1005 1007 1009 1011 1013 1014 1015 1016 1018
984 986 988 990 992 994 995 997 998 1000 1001 1003 1006 1008 1010 1012 1013 1015 1017 1019 1021 1023 1024 1025 1027 1028
995 996 999 1000 1002 1004 1006 1007 1009 1010 1012 1013 1016 1018 1021 1022 1023 1025 1027 1029 1031 1033 1034 1035 1037 1038
1005 1007 1009 1010 1013 1015 1016 1017 1019 1020 1022 1023 1026 1028 1031 1033 1034 1036 1038 1039 1041 1043 1045 1046 1047 1049
1015 1017 1019 1020 1023 1025 1026 1027 1029 1031 1032 1034 1036 1038 1041 1043 1044 1046 1048 1050 1051 1053 1055 1056 1057 1059
1025 1027 1029 1031 1033 1035 1036 1038 1039 1041 1042 1044 1047 1049 1051 1053 1054 1056 1058 1060 1062 1064 1065 1066 1067 1069
1035 1037 1039 1041 1043 1045 1046 1048 1049 1051 1052 1054 1057 1059 1061 1063 1064 1066 1068 1070 1072 1074 1075 1076 1078 1079
1045 1047 1049 1051 1053 1055 1056 1058 1059 1061 1062 1064 1067 1069 1072 1073 1074 1076 1078 1080 1082 1084 1085 1086 1088 1089
1056 1057 1060 1061 1063 1065 1067 1068 1069 1071 1072 1074 1077 1079 1082 1083 1084 1086 1088 1090 1092 1094 1095 1096 1098 1099
1066 1068 1070 1071 1074 1076 1077 1078 1080 1081 1083 1084 1087 1089 1092 1093 1095 1096 1098 1100 1102 1104 1105 1106 1108 1109
1076 1078 1080 1082 1084 1086 1087 1088 1090 1091 1093 1094 1097 1099 1102 1104 1105 1107 1108 1110 1112 1114 1115 1117 1118 1119
1086 1088 1090 1092 1094 1096 1097 1099 1100 1102 1103 1105 1108 1110 1112 1114 1115 1117 1118 1120 1122 1124 1125 1127 1128 1130
1096 1098 1100 1102 1104 1106 1107 1109 1110 1112 1113 1115 1118 1119 1122 1124 1125 1127 1128 1130 1132 1134 1135 1136 1138 1139
1107 1108 1111 1112 1114 1116 1117 1119 1120 1122 1123 1125 1128 1130 1132 1134 1135 1137 1138 1140 1142 1144 1145 1147 1148 1149
1117 1119 1121 1122 1124 1126 1128 1129 1130 1132 1133 1135 1138 1140 1142 1144 1145 1147 1148 1150 1152 1154 1155 1157 1158 1159
1127 1129 1131 1132 1135 1137 1138 1139 1141 1142 1143 1145 1148 1150 1152 1154 1155 1157 1158 1160 1162 1164 1165 1167 1168 1170
1137 1139 1141 1143 1145 1147 1148 1149 1151 1152 1154 1155 1158 1160 1162 1164 1165 1167 1168 1170 1172 1174 1175 1177 1178 1180
1147 1149 1151 1153 1155 1157 1158 1160 1161 1162 1164 1165 1168 1170 1172 1174 1175 1177 1179 1181 1182 1184 1186 1187 1188 1190
1157 1159 1161 1163 1165 1167 1168 1170 1171 1173 1174 1175 1178 1180 1182 1184 1185 1187 1189 1191 1192 1194 1196 1197 1198 1200
1168 1169 1172 1173 1175 1177 1178 1180 1181 1183 1184 1186 1188 1190 1192 1194 1195 1197 1199 1200 1202 1204 1206 1207 1208 1210
1178 1180 1182 1183 1185 1187 1189 1190 1191 1193 1194 1196 1198 1200 1203 1204 1205 1207 1209 1211 1212 1214 1216 1217 1218 1220
1188 1190 1192 1193 1196 1198 1199 1200 1202 1203 1204 1206 1208 1210 1213 1214 1215 1217 1219 1221 1223 1225 1226 1227 1228 1230
1199 1201 1203 1204 1206 1208 1210 1211 1212 1214 1215 1217 1219 1221 1223 1225 1226 1228 1230 1232 1233 1235 1237 1238 1239 1241
1209 1211 1213 1214 1217 1219 1220 1221 1222 1224 1225 1227 1229 1231 1233 1235 1236 1238 1240 1242 1243 1245 1247 1248 1249 1251
1220 1221 1224 1225 1227 1229 1230 1232 1233 1235 1236 1237 1240 1242 1244 1246 1247 1249 1250 1252 1254 1256 1257 1258 1260 1261
1236 1238 1240 1242 1244 1246 1247 1249 1250 1251 1253 1254 1257 1259 1261 1262 1264 1265 1267 1269 1271 1273 1274 1275 1276 1278
1257 1258 1261 1262 1264 1266 1267 1269 1270 1271 1272 1274 1277 1278 1281 1282 1283 1285 1287 1289 1290 1292 1294 1295 1296 1298
1279 1280 1283 1284 1286 1288 1289 1291 1292 1293 1294 1296 1299 1300 1303 1304 1305 1307 1309 1311 1312 1314 1316 1317 1318 1320
1299 1301 1303 1305 1307 1309 1310 1311 1313 1314 1315 1317 1319 1321 1324 1325 1326 1328 1330 1332 1333 1335 1337 1338 1339 1341
1320 1321 1323 1325 1327 1329 1330 1331 1333 1334 1335 1337 1339 1341 1344 1345 1346 1348 1350 1352 1353 1355 1357 1358 1359 1361
1340 1341 1343 1345 1347 1349 1350 1351 1353 1354 1355 1357 1359 1361 1363 1365 1366 1368 1369 1371 1373 1375 1376 1378 1379 1381
1360 1362 1364 1365 1367 1369 1370 1371 1373 1374 1375 1377 1379 1381 1383 1385 1386 1388 1389 1391 1393 1395 1396 1398 1399 1401
1380 1382 1384 1385 1387 1389 1390 1391 1393 1394 1395 1397 1399 1401 1403 1405 1406 1408 1410 1411 1413 1415 1416 1418 1419 1421
1400 1402 1404 1405 1407 1409 1410 1411 1413 1414 1415 1417 1419 1421 1423 1425 1426 1428 1429 1431 1433 1435 1436 1438 1439 0
1420 1422 1424 1425 1427 1429 1430 1431 1433 1434 1435 1437 1439 1 3 5 6 8 9 11 13 15 16 18 19 20
4 30 98
4867 4865 4845 4843 4841 4839 4837 4835 4796 4795 4792 920398400 4715 4717 4719 4721 4723 4725 4776 4778 4780 4782 4784 4787 4830 4856 4858 4860 4862 4864
300 303 305 307 309 311 312 313 315 317 319 321 322 324 325 327 329 332 334 335 336 338 339 340 342 345 348 351 355 358
320 323 325 327 329 331 332 333 335 337 339 341 342 344 345 347 349 352 354 355 356 358 359 360 362 365 368 371 375 378
340 343 345 347 349 351 352 353 355 357 359 361 362 364 365 367 369 372 374 375 376 378 379 380 382 385 388 391 395 398
360 363 365 367 369 371 372 373 375 377 379 381 382 384 385 387 389 392 394 395 396 398 399 400 402 405 408 411 415 418
381 384 386 388 390 392 393 394 396 398 400 402 403 405 406 408 410 413 415 416 417 419 420 421 423 426 429 432 436 439
399 401 403 405 407 409 410 411 413 415 417 419 421 423 424 426 428 430 433 434 435 437 438 439 441 444 447 450 454 457
411 413 415 417 419 421 422 424 425 427 429 431 433 435 436 438 440 443 445 446 448 449 450 452 453 456 459 463 467 469
421 423 425 427 430 431 433 434 435 437 439 442 443 445 446 448 450 453 455 457 458 459 460 462 463 466 470 473 477 479
431 433 435 438 440 441 443 444 445 448 449 452 453 455 457 458 460 463 465 467 468 469 471 472 473 477 480 483 487 489
441 443 445 448 450 452 453 454 456 458 460 462 464 465 467 469 471 473 475 477 478 480 481 482 484 487 490 493 497 500
451 454 456 458 460 462 463 464 466 468 470 472 474 476 477 479 481 483 486 487 488 490 491 493 494 497 500 503 508 510
462 464 466 468 470 472 473 474 476 478 480 482 484 486 487 489 491 494 496 497 499 500 501 503 504 507 510 514 518 520
472 474 476 478 480 482 483 485 486 488 490 492 494 496 497 499 501 504 506 508 509 510 511 513 514 517 520 524 528 530
482 484 486 488 491 492 494 495 496 498 500 503 504 506 507 509 511 514 516 518 519 520 522 523 524 527 531 534 538 540
492 494 496 499 501 502 504 505 506 509 510 513 514 516 518 519 521 524 526 528 529 530 532 533 534 538 541 544 548 550
502 504 506 509 511 513 514 515 517 519 521 523 525 526 528 530 532 534 536 538 539 541 542 543 545 548 551 554 558 561
512 515 517 519 521 523 524 525 527 529 531 533 535 537 538 540 542 544 547 548 549 551 552 553 555 558 561 564 568 571
523 525 527 529 531 533 534 535 537 539 541 543 545 547 548 550 552 555 557 558 560 561 562 564 565 568 571 574 579 581
533 535 537 539 541 543 544 546 547 549 551 553 555 557 558 560 562 565 567 569 570 571 572 574 575 578 581 585 589 591
543 545 547 549 552 553 555 556 557 559 561 564 565 567 568 570 572 575 577 579 580 581 583 584 585 588 592 595 599 601
553 555 557 560 562 563 565 566 567 570 571 574 575 577 579 580 582 585 587 589 590 591 593 594 595 598 602 605 609 611
563 565 567 570 572 574 575 576 578 580 582 584 586 587 589 590 592 595 597 599 600 601 603 604 605 609 612 615 619 621
573 576 578 580 582 584 585 586 588 590 592 594 596 598 599 601 603 605 607 609 610 612 613 614 616 619 622 625 629 632
584 586 588 590 592 594 595 596 598 600 602 604 606 608 609 611 613 615 618 619 620 622 623 624 626 629 632 635 639 642
594 596 598 600 602 604 605 607 608 610 612 614 616 618 619 621 623 626 628 629 631 632 633 635 636 639 642 645 650 652
604 606 608 610 613 614 616 617 618 620 622 625 626 628 629 631 633 636 638 640 641 642 643 645 646 649 652 656 660 662
614 616 618 621 623 624 626 627 628 631 632 635 636 638 640 641 643 646 648 650 651 652 654 655 656 659 663 666 670 672
624 626 628 631 633 635 636 637 639 641 643 645 646 648 649 651 653 656 658 660 661 662 663 665 666 669 672 676 680 682
634 637 639 641 643 645 646 647 649 651 653 655 656 658 660 661 663 666 668 670 671 672 674 675 676 679 683 686 690 692
645 647 649 651 653 655 656 657 659 661 663 665 667 668 670 671 673 676 678 680 681 682 684 685 686 690 693 696 700 702
655 657 659 661 663 665 666 668 669 671 673 675 677 679 680 682 684 686 688 690 691 693 694 695 697 700 703 706 710 713
665 667 669 671 674 675 677 678 679 681 683 685 687 689 690 692 694 696 699 700 701 703 704 705 707 710 713 716 720 723
675 677 679 682 684 685 687 688 689 692 693 696 697 699 700 702 704 707 709 710 712 713 714 716 717 720 723 726 731 733
685 687 689 692 694 696 697 698 700 702 704 706 707 709 710 712 714 717 719 721 722 723 724 726 727 730 733 737 741 743
695 698 700 702 704 706 707 708 710 712 714 716 717 719 721 722 724 727 729 731 732 733 735 736 737 740 744 747 751 753
706 708 710 712 714 716 717 718 720 722 724 726 728 729 731 732 734 737 739 741 742 743 745 746 747 751 754 757 761 763
716 718 720 722 724 726 727 729 730 732 734 736 738 740 741 743 745 747 749 751 752 754 755 756 758 761 764 767 771 774
726 728 730 732 735 736 738 739 740 742 744 746 748 750 751 753 755 757 760 761 762 764 765 766 768 771 774 777 781 784
736 738 740 743 745 746 748 749 750 753 754 757 758 760 761 763 765 768 770 771 773 774 775 777 778 781 784 787 792 794
746 748 750 753 755 757 758 759 761 763 765 767 768 770 771 773 775 778 780 782 783 784 785 787 788 791 794 798 802 804
756 759 761 763 765 767 768 769 771 773 775 777 778 780 782 783 785 788 790 792 793 794 796 797 798 801 805 808 812 814
767 769 771 773 775 777 778 779 781 783 785 787 789 790 792 793 795 798 800 802 803 804 806 807 808 812 815 818 822 824
777 779 781 783 785 787 788 790 791 793 795 797 799 801 802 804 806 808 810 812 813 815 816 817 819 822 825 828 832 835
787 789 791 793 796 797 799 800 801 803 805 807 809 811 812 814 816 818 821 822 823 825 826 827 829 832 835 838 842 845
797 799 801 804 806 807 809 810 811 814 815 818 819 821 822 824 826 829 831 832 834 835 836 838 839 842 845 848 853 855
807 809 811 814 816 818 819 820 822 824 826 828 829 831 832 834 836 839 841 843 844 845 846 848 849 852 855 859 863 865
817 820 822 824 826 828 829 830 832 834 836 838 839 841 843 844 846 849 851 853 854 855 857 858 859 862 866 869 873 875
828 830 832 834 836 838 839 840 842 844 846 848 850 851 853 854 856 859 861 863 864 865 867 868 869 873 876 879 883 885
838 840 842 844 846 848 849 851 852 854 856 858 860 862 863 865 867 869 871 873 874 876 877 878 880 883 886 889 893 896
848 850 852 854 857 858 860 861 862 864 866 868 870 872 873 875 877 879 882 883 884 886 887 888 890 893 896 899 903 906
858 860 862 865 867 868 870 871 872 875 876 879 880 882 883 885 887 890 892 893 895 896 897 899 900 903 906 909 914 916
868 870 872 875 877 879 880 881 883 885 887 889 890 892 893 895 897 900 902 904 905 906 907 909 910 913 916 920 924 926
878 881 883 885 887 889 890 891 893 895 897 899 900 902 904 905 907 910 912 914 915 916 918 919 920 923 927 930 934 936
889 891 893 895 897 899 900 901 903 905 907 909 911 912 914 915 917 920 922 924 925 926 928 929 930 934 937 940 944 946
899 901 903 905 907 909 910 912 913 915 917 919 921 923 924 926 928 930 932 934 935 937 938 939 941 944 947 950 954 957
909 911 913 915 918 919 921 922 923 925 927 929 931 933 934 936 938 940 943 944 945 947 948 949 951 954 957 960 964 967
919 921 923 926 928 929 931 932 933 936 937 940 941 943 944 946 948 951 953 954 956 957 958 960 961 964 967 970 975 977
929 931 933 936 938 940 941 942 944 946 948 950 951 953 954 956 958 961 963 965 966 967 968 970 971 974 978 981 985 987
939 942 944 946 948 950 951 952 954 956 958 960 961 963 965 966 968 971 973 975 976 977 979 980 982 985 988 991 995 998
950 952 954 956 958 960 961 962 964 966 968 970 972 974 975 977 979 982 984 985 986 988 989 991 992 995 998 1002 1006 1008
960 962 964 966 968 970 971 973 974 976 978 980 982 984 985 987 989 992 994 996 997 998 999 1001 1002 1005 1009 1012 1016 1018
970 972 974 976 979 980 982 983 984 986 988 991 992 994 995 997 999 1002 1004 1006 1007 1008 1010 1011 1012 1016 1019 1022 1026 1028
980 982 984 987 989 990 992 993 994 997 998 1001 1002 1004 1006 1007 1009 1012 1014 1016 1017 1018 1020 1021 1023 1026 1029 1032 1036 1039
990 992 994 997 999 1001 1002 1003 1005 1007 1009 1011 1013 1014 1016 1018 1020 1022 1024 1026 1027 1029 1030 1031 1033 1036 1039 1042 1046 1049
1000 1003 1005 1007 1009 1011 1012 1013 1015 1017 1019 1021 1023 1025 1026 1028 1030 1032 1035 1036 1037 1039 1040 1042 1043 1046 1049 1052 1057 1059
1011 1013 1015 1017 1019 1021 1022 1023 1025 1027 1029 1031 1033 1035 1036 1038 1040 1043 1045 1046 1048 1049 1050 1052 1053 1056 1059 1063 1067 1069
1021 1023 1025 1027 1029 1031 1032 1034 1035 1037 1039 1041 1043 1045 1046 1048 1050 1053 1055 1057 1058 1059 1060 1062 1063 1066 1070 1073 1077 1079
1031 1033 1035 1037 1040 1041 1043 1044 1045 1047 1049 1052 1053 1055 1056 1058 1060 1063 1065 1067 1068 1069 1071 1072 1073 1077 1080 1083 1087 1089
1041 1043 1045 1048 1050 1051 1053 1054 1055 1058 1059 1062 1063 1065 1067 1068 1070 1073 1075 1077 1078 1079 1081 1082 1084 1087 1090 1093 1097 1100
1051 1053 1055 1058 1060 1062 1063 1064 1066 1068 1070 1072 1074 1075 1077 1079 1081 1083 1085 1087 1088 1090 1091 1092 1094 1097 1100 1103 1107 1110
1061 1064 1066 1068 1070 1072 1073 1074 1076 1078 1080 1082 1084 1086 1087 1089 1091 1093 1096 1097 1098 1100 1101 1103 1104 1107 1110 1113 1118 1120
1072 1074 1076 1078 1080 1082 1083 1084 1086 1088 1090 1092 1094 1096 1097 1099 1101 1104 1106 1107 1109 1110 1111 1113 1114 1117 1120 1124 1128 1130
1082 1084 1086 1088 1090 1092 1093 1095 1096 1098 1100 1102 1104 1106 1107 1109 1111 1114 1116 1118 1119 1120 1121 1123 1124 1127 1131 1134 1138 1140
1092 1094 1096 1098 1101 1102 1104 1105 1106 1108 1110 1113 1114 1116 1117 1119 1121 1124 1126 1128 1129 1130 1132 1133 1134 1138 1141 1144 1148 1150
1102 1104 1106 1109 1111 1112 1114 1115 1116 1119 1120 1123 1124 1126 1128 1129 1131 1134 1136 1138 1139 1140 1142 1143 1144 1148 1151 1154 1158 1160
1112 1114 1116 1119 1121 1123 1124 1125 1127 1129 1131 1133 1135 1136 1138 1140 1142 1144 1146 1148 1149 1150 1152 1153 1154 1158 1161 1164 1168 1170
1122 1125 1127 1129 1131 1133 1134 1135 1137 1139 1141 1143 1145 1147 1148 1150 1152 1154 1156 1158 1159 1160 1162 1163 1164 1168 1171 1174 1178 1180
1133 1135 1137 1139 1141 1143 1144 1145 1147 1149 1151 1153 1155 1157 1158 1160 1162 1164 1167 1168 1169 1171 1172 1173 1175 1178 1181 1184 1188 1191
1143 1145 1147 1149 1151 1153 1154 1156 1157 1159 1161 1163 1165 1167 1168 1170 1172 1175 1177 1178 1179 1181 1182 1184 1185 1188 1191 1194 1199 1201
1153 1155 1157 1159 1162 1163 1165 1166 1167 1169 1171 1174 1175 1177 1178 1180 1182 1185 1187 1189 1190 1191 1192 1194 1195 1198 1201 1205 1209 1211
1163 1165 1167 1170 1172 1173 1175 1176 1177 1180 1181 1184 1185 1187 1189 1190 1192 1195 1197 1199 1200 1201 1202 1204 1205 1208 1212 1215 1219 1221
1173 1175 1177 1180 1182 1184 1185 1186 1188 1190 1192 1194 1196 1197 1199 1200 1202 1205 1207 1209 1210 1211 1212 1214 1215 1218 1222 1225 1229 1231
1183 1186 1188 1190 1192 1194 1195 1196 1198 1200 1202 1204 1205 1207 1208 1210 1212 1215 1217 1219 1220 1221 1222 1224 1225 1228 1231 1235 1239 1241
1194 1196 1198 1200 1202 1204 1205 1206 1208 1210 1212 1214 1216 1217 1219 1220 1222 1225 1227 1229 1230 1231 1232 1234 1235 1238 1242 1245 1249 1251
1204 1206 1208 1210 1212 1214 1215 1217 1218 1220 1222 1224 1226 1227 1229 1231 1233 1235 1237 1239 1240 1241 1243 1244 1245 1248 1252 1255 1259 1261
1214 1216 1218 1220 1223 1224 1226 1227 1228 1230 1232 1234 1236 1238 1239 1241 1243 1245 1247 1249 1250 1251 1253 1254 1255 1258 1262 1265 1269 1271
1224 1226 1228 1231 1233 1234 1236 1237 1238 1241 1242 1245 1246 1248 1249 1251 1253 1255 1257 1259 1260 1261 1263 1264 1265 1269 1272 1275 1279 1281
1234 1237 1238 1241 1243 1245 1246 1247 1249 1251 1253 1255 1256 1258 1259 1261 1263 1266 1268 1269 1270 1272 1273 1274 1276 1279 1282 1285 1289 1292
1255 1258 1259 1262 1264 1266 1267 1268 1270 1272 1274 1276 1277 1279 1280 1282 1284 1286 1288 1290 1291 1292 1294 1295 1296 1300 1303 1306 1310 1312
1275 1278 1279 1282 1284 1286 1287 1288 1290 1292 1294 1296 1297 1299 1300 1302 1304 1306 1308 1310 1311 1312 1314 1315 1316 1319 1323 1326 1330 1332
1295 1298 1300 1302 1304 1306 1307 1308 1310 1312 1313 1315 1317 1319 1320 1322 1324 1326 1328 1330 1331 1332 1333 1335 1336 1339 1342 1346 1350 1352
1315 1318 1320 1322 1324 1326 1327 1328 1330 1332 1333 1335 1337 1339 1340 1342 1344 1346 1348 1350 1351 1352 1353 1355 1356 1359 1362 1366 1370 1372
1335 1338 1340 1342 1344 1346 1347 1348 1350 1352 1353 1355 1357 1359 1360 1362 1364 1366 1368 1370 1371 1372 1373 1375 1376 1379 1382 1386 1390 1392
1355 1358 1360 1362 1364 1366 1367 1368 1370 1372 1373 1375 1377 1379 1380 1382 1384 1386 1388 1390 1391 1392 1393 1395 1396 1399 1402 1406 1410 1412
1375 1378 1380 1382 1384 1386 1387 1388 1390 1392 1393 1395 1397 1399 1400 1402 1404 1406 1408 1410 1411 1412 1413 1415 1416 1419 1422 1426 1430 1432
1395 1398 1400 1402 1404 1406 1407 1408 1410 1412 1413 1415 1417 1419 1420 1422 1424 1426 1428 1429 1430 1432 1433 1434 1436 1439 2 5 9 12
1415 1418 1420 1422 1424 1426 1427 1428 1430 1432 1433 1435 1437 1439 0 1 3 6 8 9 10 12 13 14 16 19 22 25 29 32
1435 1438 0 2 4 6 7 8 10 12 13 15 17 19 20 21 23 26 28 29 30 32 33 34 36 39 42 45 49 52
2 40 105
1709 197 1340 1343 1338 2347 2492 5 2522 1980 2493 2756 719 1347 758 85 1431 447 1018 766 363 450 1432 391 445 1433 1434 1435 1152 154 2961 2224 2035 501 2106 2037 538 877 317 2488
0 1 3 4 4 6 7 8 9 12 13 14 15 16 17 18 18 19 20 21 21 22 23 23 24 25 26 27 28 28 30 32 32 33 35 36 37 38 40 42
300 301 303 303 304 306 307 308 309 312 313 314 315 316 317 318 318 319 320 321 321 322 323 323 324 325 326 327 328 328 330 332 332 333 335 335 336 338 339 341
320 321 323 323 324 326 327 328 329 332 333 334 335 336 337 338 338 339 340 341 341 342 343 343 344 345 346 347 348 348 350 352 352 353 355 355 356 358 359 361
340 341 343 343 344 346 347 348 349 352 353 354 355 356 357 358 358 359 360 361 361 362 363 363 365 366 367 368 369 369 371 373 373 374 376 377 378 379 381 383
360 361 363 363 364 366 367 368 369 372 373 374 375 376 377 378 378 379 380 381 381 382 383 383 385 386 387 388 389 389 391 394 394 395 397 398 399 400 402 404
375 376 378 378 379 381 382 383 384 387 388 389 390 391 392 393 393 394 395 396 396 397 398 398 400 401 402 403 404 404 406 409 409 410 412 413 414 415 417 419
385 386 388 388 389 391 392 393 394 397 398 399 400 401 402 403 403 404 405 406 406 407 408 408 410 411 412 413 414 414 416 419 419 420 422 423 424 426 427 430
395 396 398 398 399 401 402 403 404 407 408 409 410 411 412 413 413 414 415 416 416 417 418 418 420 421 422 423 424 425 427 431 432 434 436 437 438 440 441 444
405 406 408 408 409 411 412 413 414 417 418 419 420 421 423 424 424 425 426 427 428 429 430 431 433 434 436 437 438 439 441 445 446 448 450 451 452 454 455 458
415 416 418 418 419 421 422 423 424 427 429 430 431 432 434 435 435 436 437 438 439 440 441 442 444 445 447 448 449 450 452 456 457 459 461 462 463 465 466 469
425 426 428 428 429 431 432 433 434 437 439 440 441 442 444 445 445 446 447 448 449 450 451 452 454 455 457 458 459 460 462 466 467 469 471 472 473 475 476 479
433 434 436 436 437 439 440 441 442 445 447 448 449 450 452 453 453 454 455 456 457 458 459 460 462 463 465 466 467 468 470 474 475 477 479 480 481 483 484 487
441 442 444 444 445 447 448 449 450 453 455 456 457 458 460 461 461 462 463 464 465 466 467 468 470 471 473 474 475 476 478 482 483 484 486 487 488 491 493 496
449 450 452 452 453 455 456 457 458 461 463 464 465 466 468 469 469 470 471 472 473 474 475 476 478 479 481 482 484 485 487 491 492 493 495 496 497 500 502 505
457 458 460 460 461 463 464 465 466 469 471 472 473 474 476 477 477 478 479 480 481 482 483 484 487 489 491 492 494 495 497 501 502 503 505 506 507 510 512 515
465 466 468 468 469 471 472 473 474 477 479 480 481 482 483 484 485 486 487 488 489 490 491 492 495 497 499 500 502 503 505 509 510 511 513 514 515 518 520 523
475 476 478 478 479 481 482 483 485 488 489 491 492 493 494 495 496 497 498 499 500 501 502 503 506 508 510 511 513 514 516 520 521 522 524 525 526 529 531 534
485 486 488 488 489 491 493 494 496 499 500 502 503 504 505 506 507 508 509 510 511 512 513 514 517 519 521 522 524 525 527 531 532 533 535 536 537 540 542 545
495 496 498 498 499 501 503 504 506 509 510 512 513 514 515 516 517 518 519 520 521 522 523 524 527 529 531 532 534 535 537 541 542 543 545 546 547 550 551 554
504 505 507 507 508 510 512 513 515 518 519 521 522 523 524 525 526 527 528 529 530 531 532 533 536 538 540 541 542 543 545 549 550 551 553 554 555 558 559 562
513 514 516 516 517 519 521 522 524 527 528 530 531 532 533 534 535 536 537 538 539 540 541 542 544 545 547 548 549 550 552 556 557 558 560 561 562 565 566 569
523 524 526 526 527 529 531 532 534 537 538 540 541 542 543 544 544 545 546 547 548 549 550 551 553 554 556 557 558 559 561 565 566 567 569 570 571 574 575 578
533 534 536 536 537 539 541 542 544 547 548 550 551 552 553 554 554 555 556 557 558 559 560 561 563 564 566 567 568 569 571 575 576 577 579 580 581 584 585 588
543 544 546 546 547 549 551 552 554 557 558 560 561 562 563 564 564 565 566 567 568 569 570 571 573 574 576 577 578 579 581 585 586 587 589 590 591 594 595 598
553 554 556 556 557 559 561 562 564 567 568 570 571 572 573 574 574 575 576 577 578 579 580 581 583 584 586 587 588 589 591 595 596 597 599 600 601 604 605 608
563 564 566 566 567 569 571 572 574 577 578 580 581 582 583 584 584 585 586 587 588 589 590 591 593 594 596 597 598 599 601 604 605 607 609 610 611 614 615 618
573 574 576 576 577 579 581 582 584 587 588 590 591 592 593 594 594 595 596 597 598 599 600 601 602 604 605 606 607 608 610 613 614 616 618 619 620 623 624 627
583 584 586 586 587 589 591 592 594 597 598 600 601 602 603 604 604 605 606 607 608 609 610 611 612 614 615 616 617 618 620 623 624 626 628 629 630 633 634 637
593 594 596 596 597 599 601 602 604 607 608 610 611 612 613 614 614 615 616 617 618 619 620 621 622 624 625 626 627 628 630 633 634 636 638 639 640 643 644 647
603 604 606 606 607 609 611 612 614 617 618 620 621 622 623 624 624 625 626 627 628 629 630 631 632 634 635 636 637 638 640 643 644 646 648 649 650 653 654 657
613 614 616 616 617 619 621 622 624 627 628 630 631 632 633 634 634 635 636 637 638 639 640 641 642 644 645 646 647 648 650 653 654 656 658 659 660 663 664 667
623 624 626 626 627 629 631 632 634 637 638 640 641 642 643 644 644 645 646 647 648 649 650 651 652 654 655 656 657 658 660 663 664 665 667 668 669 672 673 676
633 634 636 636 637 639 641 642 644 647 648 650 651 652 653 654 654 655 656 657 658 659 660 661 662 664 665 666 667 668 670 673 674 675 677 678 679 682 683 686
643 644 646 646 647 649 651 652 654 657 658 660 661 662 664 665 665 666 667 668 669 670 671 672 673 675 676 677 678 679 681 684 685 686 688 689 690 693 694 697
653 654 656 656 657 659 661 662 664 667 669 670 671 672 674 675 675 676 677 678 679 680 681 682 683 685 686 687 688 689 691 694 695 696 698 699 700 703 704 707
663 664 666 666 667 669 671 672 674 677 679 680 681 682 684 685 685 686 687 688 689 690 691 692 693 695 696 697 698 699 701 704 705 706 708 709 710 713 714 717
673 674 676 676 677 679 681 682 684 687 689 690 691 692 694 695 695 696 697 698 699 700 701 702 703 705 706 707 708 709 711 714 715 716 718 719 720 723 724 727
683 684 686 686 687 689 691 692 694 697 699 700 701 702 704 705 705 706 707 708 709 710 711 712 713 715 716 717 718 719 721 724 725 726 728 729 730 733 734 737
693 694 696 696 697 699 701 702 704 707 709 710 711 712 714 715 715 716 717 718 719 720 721 722 723 725 726 727 728 729 731 734 735 736 738 739 740 743 744 747
703 704 706 706 707 709 711 712 714 717 719 720 721 722 723 724 724 725 726 727 728 729 730 731 732 734 735 736 737 738 740 743 744 745 747 748 749 752 753 756
713 714 716 716 717 719 721 722 724 727 728 730 731 732 733 734 734 735 736 737 738 739 740 741 742 744 745 746 747 748 750 753 754 755 757 758 759 762 763 766
723 724 726 726 728 730 732 733 735 738 739 741 742 743 744 745 745 746 747 748 749 750 751 752 753 755 756 757 758 759 761 764 765 766 768 769 770 773 774 777
733 734 736 736 738 740 742 743 745 748 749 751 752 753 754 755 755 756 757 758 759 760 761 762 763 765 766 767 768 769 771 774 775 776 778 779 780 783 784 787
743 744 746 746 748 750 752 753 755 758 759 761 762 763 764 765 765 766 767 768 769 770 771 772 773 775 776 777 778 779 781 784 785 786 788 789 790 793 794 797
753 754 756 756 758 760 762 763 765 768 769 771 772 773 774 775 775 776 777 778 779 780 781 782 783 785 786 787 788 788 790 793 794 795 797 798 799 802 803 806
763 764 766 766 768 770 772 773 775 778 779 781 782 783 785 786 786 787 788 789 790 791 792 793 794 796 797 798 799 799 801 804 805 806 808 809 810 813 814 817
773 774 776 776 778 780 782 783 785 788 790 791 792 793 795 796 796 797 798 799 800 801 802 803 804 806 807 808 809 809 811 814 815 816 818 819 820 823 824 827
783 784 786 786 787 789 791 792 794 797 799 800 801 802 804 805 805 806 807 808 809 810 811 812 813 815 816 817 818 818 820 823 824 825 827 828 829 832 833 836
793 794 796 796 797 799 801 802 804 807 809 810 811 812 814 815 815 816 817 818 819 820 821 822 823 825 826 827 828 828 830 833 834 835 837 838 839 842 843 846
803 804 806 806 807 809 811 812 814 817 819 820 821 822 824 825 825 826 827 828 829 830 831 832 833 835 836 837 838 838 840 843 844 845 847 848 849 852 853 856
813 814 816 816 817 819 821 822 824 827 829 830 831 832 834 835 835 836 837 838 839 840 841 842 843 845 846 847 848 849 851 854 855 856 858 859 860 863 864 867
823 824 826 826 827 829 831 832 834 837 839 840 841 842 844 845 845 846 847 848 849 850 851 852 853 855 856 857 858 859 861 864 865 866 868 869 870 873 874 877
833 834 836 836 837 839 841 842 844 847 849 850 851 852 854 855 855 856 857 858 859 860 861 862 863 865 866 867 868 869 871 874 875 876 878 879 880 883 884 887
843 844 846 846 847 849 851 852 854 857 859 860 861 862 864 865 865 866 867 868 869 870 871 872 873 875 876 877 878 879 881 884 885 886 888 889 890 893 894 897
853 854 856 856 857 859 861 862 864 867 869 870 871 872 874 875 875 876 877 878 879 880 881 882 883 885 886 887 888 889 891 894 895 896 898 899 900 903 904 907
863 864 866 866 867 869 871 872 874 877 879 880 881 882 884 885 885 886 887 888 889 890 891 892 893 895 896 897 898 899 901 905 906 908 910 911 912 915 916 919
873 874 876 876 877 879 881 882 884 887 889 890 891 892 894 895 895 896 897 898 899 900 901 902 903 905 906 907 908 908 910 914 915 917 919 920 921 924 925 928
883 884 886 886 887 889 891 892 894 897 899 900 901 902 903 904 905 906 907 908 909 910 911 912 913 915 916 917 918 918 920 924 925 927 929 930 931 934 935 938
893 894 896 896 897 899 901 902 904 908 909 911 912 913 914 915 916 917 918 919 920 921 922 923 924 926 927 928 929 929 931 935 936 938 940 941 942 945 946 949
903 904 906 906 908 910 912 913 915 919 920 922 923 924 925 926 927 928 929 930 931 932 933 934 935 937 938 939 940 940 942 946 947 949 951 952 953 956 957 960
913 914 916 916 918 920 922 923 925 929 930 932 933 934 935 936 937 938 939 940 941 942 943 944 945 947 948 949 950 950 952 956 957 959 961 962 963 966 968 971
923 924 926 926 928 930 932 933 935 939 940 942 943 944 945 946 947 948 949 950 951 952 953 954 955 957 958 959 960 960 962 967 968 970 973 974 975 978 980 983
933 934 936 936 938 940 942 943 945 949 950 952 953 954 955 956 957 958 959 960 961 962 963 964 965 967 968 969 970 971 973 978 979 981 984 985 986 989 991 994
943 944 946 946 948 950 952 953 955 959 960 962 963 964 966 967 967 968 969 970 971 972 973 974 975 977 978 979 980 981 983 988 989 991 994 995 996 999 1001 1004
952 953 955 955 957 959 961 962 964 968 969 971 972 973 975 976 976 977 978 979 980 981 982 983 984 986 987 988 989 990 992 997 998 1000 1003 1004 1005 1008 1010 1013
960 962 964 964 966 968 970 971 973 977 978 980 981 982 984 985 985 986 987 988 989 990 991 992 993 995 996 997 998 999 1001 1006 1007 1009 1012 1013 1014 1017 1019 1022
968 970 972 972 974 976 978 979 981 985 986 988 989 990 992 993 993 994 995 996 997 998 999 1000 1001 1003 1004 1005 1006 1007 1009 1014 1015 1017 1020 1021 1023 1026 1027 1031
976 978 980 980 982 984 986 987 989 993 994 996 997 998 1000 1001 1001 1002 1003 1004 1005 1006 1007 1008 1009 1011 1012 1013 1014 1015 1017 1022 1023 1025 1028 1029 1031 1034 1035 1039
984 986 988 988 990 992 994 995 997 1001 1002 1004 1005 1006 1008 1009 1009 1010 1011 1012 1013 1014 1015 1016 1017 1019 1020 1021 1022 1023 1025 1029 1030 1032 1035 1036 1038 1041 1042 1046
992 994 996 996 998 1000 1002 1003 1005 1009 1010 1012 1013 1014 1016 1017 1017 1018 1019 1020 1021 1022 1023 1024 1025 1027 1028 1029 1030 1031 1033 1037 1038 1040 1043 1044 1046 1049 1050 1054
1000 1002 1004 1004 1006 1008 1010 1011 1013 1017 1018 1020 1021 1022 1023 1024 1025 1026 1027 1028 1029 1031 1032 1033 1034 1036 1037 1038 1039 1040 1042 1046 1047 1049 1052 1053 1055 1058 1059 1063
1007 1009 1011 1011 1013 1015 1017 1018 1020 1024 1025 1028 1029 1031 1032 1033 1034 1035 1036 1037 1038 1040 1041 1042 1043 1045 1046 1047 1048 1049 1051 1055 1056 1058 1061 1062 1064 1067 1068 1072
1015 1017 1019 1019 1021 1023 1025 1026 1029 1034 1035 1038 1039 1041 1042 1043 1044 1045 1046 1047 1048 1050 1051 1052 1053 1055 1056 1057 1058 1059 1061 1065 1066 1068 1071 1072 1074 1077 1078 1082
1024 1026 1028 1029 1030 1033 1034 1036 1039 1044 1045 1048 1049 1051 1052 1053 1054 1055 1056 1057 1058 1060 1061 1062 1063 1065 1066 1067 1068 1069 1071 1075 1076 1078 1081 1082 1083 1086 1088 1091
1033 1035 1037 1038 1039 1042 1043 1045 1048 1053 1054 1057 1058 1060 1061 1062 1063 1064 1065 1066 1067 1069 1070 1071 1072 1074 1075 1076 1077 1078 1080 1084 1085 1087 1089 1090 1091 1094 1096 1099
1042 1044 1046 1047 1048 1051 1052 1054 1057 1062 1063 1066 1067 1069 1070 1071 1072 1073 1074 1075 1076 1078 1079 1080 1081 1083 1084 1085 1086 1086 1088 1092 1093 1095 1097 1098 1099 1102 1104 1107
1051 1053 1055 1056 1057 1060 1061 1063 1066 1071 1072 1075 1076 1078 1079 1080 1081 1082 1083 1084 1085 1086 1087 1088 1089 1091 1092 1093 1094 1094 1096 1100 1101 1103 1105 1106 1107 1110 1112 1115
1060 1062 1064 1065 1066 1069 1070 1072 1075 1080 1082 1084 1085 1087 1089 1090 1091 1092 1093 1094 1095 1096 1097 1098 1099 1101 1102 1103 1104 1104 1106 1110 1111 1113 1115 1116 1117 1120 1122 1125
1069 1071 1073 1074 1075 1078 1079 1081 1083 1088 1090 1092 1093 1095 1097 1098 1099 1100 1101 1102 1103 1104 1105 1106 1107 1109 1110 1111 1112 1112 1114 1118 1119 1121 1123 1124 1125 1128 1130 1133
1078 1080 1082 1082 1084 1086 1088 1089 1091 1096 1098 1100 1101 1103 1105 1106 1107 1108 1109 1110 1111 1112 1113 1114 1115 1117 1118 1119 1120 1120 1122 1126 1127 1129 1131 1132 1133 1136 1138 1141
1086 1088 1090 1090 1092 1094 1096 1097 1099 1104 1106 1108 1109 1111 1113 1114 1115 1116 1117 1118 1119 1120 1121 1122 1123 1125 1126 1127 1128 1128 1130 1134 1135 1137 1139 1140 1141 1144 1146 1149
1095 1097 1099 1099 1101 1103 1105 1106 1108 1113 1115 1117 1118 1120 1122 1123 1124 1125 1126 1127 1128 1129 1130 1131 1132 1134 1135 1136 1137 1137 1139 1143 1144 1145 1147 1148 1149 1152 1153 1156
1103 1105 1107 1107 1109 1111 1113 1114 1116 1121 1123 1125 1126 1128 1130 1131 1132 1133 1134 1135 1136 1137 1138 1139 1140 1142 1143 1144 1145 1145 1147 1150 1151 1152 1154 1155 1156 1159 1160 1163
1111 1113 1115 1115 1117 1119 1121 1122 1124 1129 1131 1133 1134 1136 1138 1139 1140 1141 1142 1143 1143 1144 1145 1146 1147 1149 1150 1151 1152 1152 1154 1157 1158 1159 1161 1162 1163 1166 1167 1170
1120 1122 1124 1124 1126 1128 1130 1131 1133 1138 1140 1142 1143 1144 1145 1146 1146 1147 1148 1149 1149 1150 1151 1152 1153 1155 1156 1157 1158 1158 1160 1163 1164 1165 1167 1168 1169 1172 1173 1176
1130 1132 1134 1134 1136 1138 1140 1141 1143 1146 1148 1150 1151 1152 1153 1154 1154 1155 1156 1157 1157 1158 1159 1160 1161 1163 1164 1165 1166 1166 1168 1171 1172 1173 1175 1176 1177 1180 1181 1184
1140 1141 1143 1143 1144 1146 1148 1149 1151 1154 1156 1158 1159 1160 1161 1162 1162 1163 1164 1165 1165 1166 1167 1168 1169 1171 1172 1173 1174 1174 1176 1179 1180 1181 1183 1184 1185 1188 1189 1192
1150 1151 1153 1153 1154 1156 1158 1159 1161 1164 1166 1168 1169 1170 1171 1172 1172 1173 1174 1175 1175 1176 1177 1178 1179 1181 1182 1183 1184 1184 1186 1189 1190 1191 1193 1194 1195 1198 1199 1202
1160 1161 1163 1163 1164 1166 1168 1169 1171 1174 1176 1177 1178 1179 1180 1181 1181 1182 1183 1184 1184 1185 1186 1187 1188 1190 1191 1192 1193 1193 1195 1198 1199 1200 1202 1203 1204 1206 1207 1210
1170 1171 1173 1173 1174 1176 1178 1179 1181 1184 1186 1187 1188 1189 1190 1191 1191 1192 1193 1194 1194 1195 1196 1197 1198 1200 1201 1202 1203 1203 1205 1208 1209 1210 1212 1213 1214 1216 1217 1220
1180 1181 1183 1183 1184 1186 1188 1189 1191 1194 1196 1197 1198 1199 1200 1201 1201 1202 1203 1204 1204 1205 1206 1206 1208 1209 1210 1211 1212 1212 1214 1217 1218 1219 1221 1222 1223 1225 1226 1229
1190 1191 1193 1193 1194 1196 1198 1199 1201 1204 1205 1206 1207 1208 1209 1210 1210 1211 1212 1213 1213 1214 1215 1215 1217 1218 1219 1220 1221 1221 1223 1226 1227 1228 1230 1231 1232 1234 1235 1238
1200 1201 1203 1203 1204 1206 1208 1209 1210 1213 1214 1215 1216 1217 1218 1219 1219 1220 1221 1222 1222 1223 1224 1224 1226 1227 1228 1229 1230 1230 1232 1235 1236 1237 1239 1240 1241 1243 1244 1247
1215 1216 1218 1218 1219 1221 1223 1224 1225 1228 1229 1230 1231 1232 1233 1234 1234 1235 1236 1237 1237 1238 1239 1239 1240 1241 1242 1243 1244 1244 1246 1249 1250 1251 1253 1254 1255 1257 1258 1261
1230 1231 1233 1233 1234 1236 1238 1239 1240 1243 1244 1245 1246 1247 1248 1249 1249 1250 1251 1252 1252 1253 1254 1254 1255 1256 1257 1258 1259 1259 1261 1263 1264 1265 1267 1268 1269 1271 1272 1275
1245 1246 1248 1248 1249 1251 1253 1254 1255 1258 1259 1260 1261 1262 1263 1264 1264 1265 1266 1267 1267 1268 1269 1269 1270 1271 1272 1273 1274 1274 1276 1278 1279 1280 1282 1283 1284 1286 1287 1290
1260 1261 1263 1263 1264 1266 1267 1268 1269 1272 1273 1274 1275 1276 1277 1278 1278 1279 1280 1281 1281 1282 1283 1283 1284 1285 1286 1287 1288 1288 1290 1292 1292 1293 1295 1296 1297 1298 1300 1302
1280 1281 1283 1283 1284 1286 1287 1288 1289 1292 1293 1294 1295 1296 1297 1298 1298 1299 1300 1301 1301 1302 1303 1303 1304 1305 1306 1307 1308 1308 1310 1312 1312 1313 1315 1316 1317 1318 1320 1322
1300 1301 1303 1303 1304 1306 1307 1308 1309 1312 1313 1314 1315 1316 1317 1318 1318 1319 1320 1321 1321 1322 1323 1323 1324 1325 1326 1327 1328 1328 1330 1332 1332 1333 1335 1336 1337 1338 1340 1342
1320 1321 1323 1323 1324 1326 1327 1328 1329 1332 1333 1334 1335 1336 1337 1338 1338 1339 1340 1341 1341 1342 1343 1343 1344 1345 1346 1347 1348 1348 1350 1352 1352 1353 1355 1356 1357 1358 1360 1362
1340 1341 1343 1343 1344 1346 1347 1348 1349 1352 1353 1354 1355 1356 1357 1358 1358 1359 1360 1361 1361 1362 1363 1363 1364 1365 1366 1367 1368 1368 1370 1372 1372 1373 1375 1376 1377 1378 1380 1382
1360 1361 1363 1363 1364 1366 1367 1368 1369 1372 1373 1374 1375 1376 1377 1378 1378 1379 1380 1381 1381 1382 1383 1383 1384 1385 1386 1387 1388 1388 1390 1392 1392 1393 1395 1396 1397 1398 1400 1402
1380 1381 1383 1383 1384 1386 1387 1388 1389 1392 1393 1394 1395 1396 1397 1398 1398 1399 1400 1401 1401 1402 1403 1403 1404 1405 1406 1407 1408 1408 1410 1412 1412 1413 1415 1416 1417 1418 1420 1422
1400 1401 1403 1403 1404 1406 1407 1408 1409 1412 1413 1414 1415 1416 1417 1418 1418 1419 1420 1421 1421 1422 1423 1423 1424 1425 1426 1427 1428 1428 1430 1432 1432 1433 1435 1436 1437 1438 0 2
1420 1421 1423 1423 1424 1426 1427 1428 1429 1432 1433 1434 1435 1436 1437 1438 1438 1439 0 1 1 2 3 3 4 5 6 7 8 8 10 12 12 13 15 16 17 18 20 22
19 25 34
4713 4711 4709 4707 4705 4702 2095052967 4699 4697 4695 4693 4691 4689 4687 4685 4683 4681 4679 4677 4675 4846 4848 4850 4852 4854
253 255 257 259 261 262 263 265 267 269 270 272 273 275 276 277 279 280 282 284 287 288 290 292 294
279 281 283 285 287 288 289 291 293 295 296 298 299 301 302 303 305 306 308 310 313 314 316 318 320
301 303 305 307 309 310 311 313 315 317 318 320 321 323 324 325 327 328 330 332 335 336 338 340 342
363 365 367 369 371 372 373 375 377 379 381 382 384 385 386 387 389 390 392 394 397 399 401 403 404
393 395 397 399 401 402 404 405 407 409 411 413 414 415 416 418 419 421 423 424 427 429 431 433 435
464 466 468 470 472 474 475 477 478 480 482 484 485 487 488 489 491 492 494 496 499 501 503 505 507
474 476 478 480 482 484 485 487 489 491 492 494 496 497 498 499 501 503 505 506 509 511 513 515 517
484 486 489 491 492 494 495 497 499 501 503 505 506 507 508 510 512 513 515 516 519 521 523 525 527
495 497 499 501 502 504 506 507 509 511 513 515 516 517 518 520 522 523 525 526 529 531 533 535 537
505 507 509 511 513 514 516 518 519 521 523 525 526 527 528 530 532 533 535 536 539 541 543 545 547
515 517 519 521 523 525 526 528 530 531 533 535 536 538 539 540 542 543 545 547 550 552 554 555 557
525 527 530 532 533 535 536 538 540 542 543 545 547 548 549 550 552 553 555 557 560 562 564 566 568
536 538 540 542 543 545 546 548 550 552 554 555 557 558 559 560 562 564 566 567 570 572 574 576 578
925 927 929 931 933 935 936 938 940 942 944 945 947 948 949 950 952 954 955 957 960 962 964 966 968
935 937 940 942 943 945 947 948 950 952 954 956 957 958 959 961 963 964 966 967 970 972 974 976 978
946 948 950 952 953 956 957 959 960 962 964 966 967 968 970 971 973 974 976 977 980 982 984 986 988
956 958 960 962 964 966 967 969 971 972 974 976 977 979 980 981 983 984 986 988 991 993 995 997 998
967 969 971 974 975 977 978 980 982 984 986 987 989 990 991 992 994 996 998 999 1002 1004 1006 1008 1010
976 978 981 983 984 986 988 989 991 993 995 997 998 999 1000 1002 1004 1005 1007 1008 1011 1013 1015 1017 1019
988 990 992 995 996 998 999 1001 1003 1005 1007 1008 1010 1011 1012 1013 1015 1017 1019 1020 1023 1025 1027 1029 1031
997 999 1001 1003 1005 1007 1008 1010 1012 1013 1015 1017 1018 1020 1021 1022 1024 1025 1027 1029 1032 1034 1036 1038 1039
1007 1009 1011 1014 1015 1017 1018 1020 1022 1024 1026 1027 1029 1030 1031 1032 1034 1036 1038 1039 1042 1044 1046 1048 1050
1017 1019 1022 1024 1025 1027 1029 1030 1032 1034 1036 1038 1039 1040 1041 1043 1045 1046 1048 1049 1052 1054 1056 1058 1060
1028 1030 1032 1034 1035 1038 1039 1041 1042 1044 1046 1048 1049 1050 1052 1053 1055 1056 1058 1059 1062 1064 1066 1068 1070
1038 1040 1042 1044 1046 1048 1049 1051 1053 1054 1056 1058 1059 1061 1062 1063 1065 1066 1068 1070 1073 1075 1077 1079 1080
1048 1050 1052 1055 1056 1058 1059 1061 1063 1065 1067 1068 1070 1071 1072 1073 1075 1077 1079 1080 1083 1085 1087 1089 1091
1058 1060 1063 1065 1066 1068 1070 1071 1073 1075 1077 1079 1080 1081 1082 1084 1086 1087 1089 1090 1093 1095 1097 1099 1101
1070 1072 1074 1077 1078 1080 1081 1083 1085 1087 1089 1090 1092 1093 1094 1095 1097 1099 1101 1102 1105 1107 1109 1111 1113
1079 1081 1083 1085 1087 1089 1090 1092 1094 1095 1097 1099 1100 1102 1103 1104 1106 1107 1109 1111 1114 1116 1118 1120 1121
1091 1093 1095 1097 1098 1101 1102 1104 1105 1107 1109 1111 1112 1113 1115 1116 1118 1119 1121 1122 1125 1127 1129 1131 1133
1099 1101 1104 1106 1107 1109 1111 1112 1114 1116 1118 1120 1121 1122 1123 1125 1127 1128 1130 1131 1134 1136 1138 1140 1142
1110 1112 1114 1116 1117 1120 1121 1123 1124 1126 1128 1130 1131 1132 1134 1135 1137 1138 1140 1141 1144 1146 1148 1150 1152
1120 1122 1124 1126 1128 1130 1131 1133 1135 1136 1138 1140 1141 1143 1144 1145 1147 1148 1150 1152 1155 1157 1159 1161 1162
1130 1132 1134 1137 1138 1140 1141 1143 1145 1147 1149 1150 1152 1153 1154 1155 1157 1159 1160 1162 1165 1167 1169 1171 1173
23 27 38
4855 4682 4684 4686 4688 4690 4692 4694 4696 4698 2095052971 4703 4704 4706 4708 4710 4712 4767 4769 4771 4773 4775 4803 4805 4807 4809 4814
433 434 435 436 438 439 441 443 444 446 448 449 451 452 454 456 458 461 462 463 464 466 469 470 472 473 475
443 444 445 447 448 449 451 453 454 456 458 460 461 463 465 467 469 471 473 474 475 476 479 481 482 484 486
453 455 456 457 458 460 461 463 465 467 469 470 472 473 475 477 479 482 483 484 486 487 490 491 493 494 496
463 465 466 467 468 470 472 474 475 477 479 480 482 484 486 487 490 492 493 495 496 497 500 502 503 505 507
474 475 476 477 479 480 482 484 485 487 489 491 492 494 496 498 500 502 504 505 506 507 510 512 513 515 517
484 485 486 488 489 490 492 494 496 498 499 501 503 504 506 508 510 513 514 515 516 518 521 522 524 525 527
495 497 498 499 500 502 503 505 507 509 511 512 514 515 517 519 522 524 525 526 528 529 532 534 535 536 538
505 507 508 509 510 512 514 516 517 519 521 522 524 526 528 529 532 534 535 537 538 539 542 544 545 547 549
515 516 517 518 520 521 523 525 526 528 530 532 533 535 537 539 541 543 545 546 547 548 551 553 554 556 558
525 526 527 529 530 531 533 535 537 539 540 542 544 545 547 549 551 554 555 556 557 559 562 563 565 566 568
535 537 538 539 540 542 543 545 547 549 551 552 554 555 557 559 562 564 565 566 568 569 572 573 575 576 578
545 547 548 549 550 552 554 556 557 559 561 562 564 566 568 569 572 574 575 577 578 579 582 584 585 587 589
556 557 558 559 561 562 564 566 567 569 571 573 574 576 578 580 582 584 586 587 588 589 592 594 595 597 599
566 567 568 570 571 572 574 576 578 580 581 583 585 586 588 590 592 595 596 597 598 600 603 604 606 607 609
576 578 579 580 581 583 584 586 588 590 592 593 595 596 598 600 603 605 606 607 609 610 613 614 616 617 619
945 947 948 949 951 952 954 956 957 959 961 963 965 966 968 970 972 975 976 977 979 980 983 984 986 987 989
956 957 958 960 961 962 964 966 968 970 971 973 975 976 978 980 983 985 986 988 989 990 993 995 996 997 1000
966 968 969 970 971 973 974 976 978 980 982 983 985 987 989 991 993 995 997 998 999 1000 1003 1005 1006 1008 1010
976 978 979 980 981 983 985 987 988 990 992 993 995 997 999 1001 1003 1006 1007 1008 1009 1011 1014 1015 1017 1018 1020
986 988 989 990 992 993 995 997 998 1000 1002 1004 1006 1007 1009 1011 1013 1016 1017 1018 1020 1021 1024 1025 1027 1028 1030
997 998 999 1001 1002 1003 1005 1007 1009 1011 1012 1014 1016 1017 1019 1021 1024 1026 1027 1029 1030 1031 1034 1036 1037 1038 1041
1008 1010 1011 1012 1013 1015 1016 1018 1020 1022 1024 1025 1027 1029 1031 1033 1035 1037 1039 1040 1041 1042 1045 1047 1048 1050 1052
1018 1020 1021 1022 1023 1025 1027 1029 1030 1032 1034 1035 1037 1039 1041 1043 1045 1048 1049 1050 1051 1053 1056 1057 1059 1060 1062
1028 1030 1031 1032 1033 1035 1036 1038 1040 1042 1044 1045 1047 1049 1051 1053 1055 1057 1059 1060 1061 1062 1065 1067 1068 1070 1072
1039 1040 1041 1043 1044 1045 1047 1049 1051 1053 1054 1056 1058 1059 1061 1063 1066 1068 1069 1071 1072 1073 1076 1078 1079 1080 1083
1048 1050 1051 1052 1053 1055 1056 1058 1060 1062 1064 1065 1067 1069 1071 1073 1075 1077 1079 1080 1081 1082 1085 1087 1088 1090 1092
1058 1060 1061 1062 1063 1065 1067 1069 1070 1072 1074 1075 1077 1079 1081 1083 1085 1088 1089 1090 1091 1093 1096 1097 1099 1100 1102
1068 1070 1071 1072 1074 1075 1077 1079 1080 1082 1084 1086 1088 1089 1091 1093 1095 1098 1099 1100 1102 1103 1106 1107 1109 1110 1112
1079 1080 1081 1083 1084 1085 1087 1089 1091 1093 1094 1096 1098 1099 1101 1103 1106 1108 1109 1111 1112 1113 1116 1118 1119 1120 1123
1089 1091 1092 1093 1094 1096 1097 1099 1101 1103 1105 1106 1108 1110 1112 1113 1116 1118 1120 1121 1122 1123 1126 1128 1129 1131 1133
1099 1101 1102 1103 1104 1106 1108 1110 1111 1113 1115 1116 1118 1120 1122 1124 1126 1128 1130 1131 1132 1134 1137 1138 1140 1141 1143
1110 1112 1113 1114 1116 1117 1119 1121 1122 1124 1126 1128 1129 1131 1133 1135 1137 1140 1141 1142 1143 1145 1148 1149 1151 1152 1154
1121 1122 1123 1125 1126 1127 1129 1131 1133 1135 1136 1138 1140 1141 1143 1145 1148 1150 1151 1153 1154 1155 1158 1160 1161 1162 1164
1130 1132 1133 1134 1135 1137 1138 1140 1142 1144 1145 1147 1149 1150 1153 1154 1157 1159 1160 1162 1163 1164 1167 1169 1170 1172 1174
1141 1143 1144 1145 1146 1148 1150 1152 1153 1155 1157 1158 1160 1162 1164 1166 1168 1170 1172 1173 1174 1176 1178 1180 1181 1183 1185
1150 1152 1153 1154 1156 1157 1159 1161 1162 1164 1166 1168 1169 1171 1173 1175 1177 1179 1181 1182 1183 1185 1187 1189 1190 1192 1194
1161 1162 1163 1165 1166 1167 1169 1171 1173 1175 1176 1178 1179 1181 1183 1185 1187 1189 1191 1192 1193 1195 1197 1199 1200 1202 1204
1171 1173 1174 1175 1176 1178 1179 1181 1183 1185 1186 1188 1190 1191 1193 1195 1197 1200 1201 1202 1203 1205 1208 1209 1211 1212 1214
